-9.395353,102.2301,-72.62666	0,-0.9446207,0,0.3281642	air_fall	0,0,0	0,0,0	False	False
-9.395353,102.0861,-72.62666	0,-0.9423011,0,0.3347667	air_fall	0,0,0	0,0,0	False	False
-9.395353,101.9341,-72.62666	0,-0.9402214,0,0.3405641	air_fall	0,0,0	0,0,0	False	False
-9.395353,101.7741,-72.62666	0,-0.9214746,0,0.3884388	air_fall	0,0,0	0,0,0	False	False
-9.395353,101.6061,-72.62666	0,-0.9028093,0,0.4300413	air_fall	0,0,0	0,0,0	False	False
-9.395353,101.4301,-72.62666	0,-0.8847164,0,0.4661297	air_fall	0,0,0	0,0,0	False	False
-9.395353,101.2461,-72.62666	0,-0.8675178,0,0.4974061	air_fall	0,0,0	0,0,0	False	False
-9.395353,101.0541,-72.62666	0,-0.8514079,0,0.5245042	air_fall	0,0,0	0,0,0	False	False
-9.395353,100.8541,-72.62666	0,-0.8364875,0,0.547986	air_fall	0,0,0	0,0,0	False	False
-9.395353,100.6461,-72.62666	0,-0.7967755,0,0.6042754	air_fall	0,0,0	0,0,0	False	False
-9.395353,100.4301,-72.62666	0,-0.7581174,0,0.6521182	air_fall	0,0,0	0,0,0	False	False
-9.395353,100.2061,-72.62666	0,-0.7212929,0,0.6926302	air_fall	0,0,0	0,0,0	False	False
-9.395353,99.9741,-72.62666	0,-0.6867839,0,0.7268617	air_fall	0,0,0	0,0,0	False	False
-9.395353,99.7341,-72.62666	0,-0.596965,0,0.8022673	air_fall	0,0,0	0,0,0	False	False
-9.395353,99.4861,-72.62666	0,-0.5061577,0,0.862441	air_fall	0,0,0	0,0,0	False	False
-9.395353,99.2301,-72.62666	0,-0.3929404,0,0.9195639	air_fall	0,0,0	0,0,0	False	False
-9.395353,98.9661,-72.62666	0,-0.2801629,0,0.9599525	air_fall	0,0,0	0,0,0	False	False
-9.395353,98.6941,-72.62666	0,-0.1713608,0,0.9852083	air_fall	0,0,0	0,0,0	False	False
-9.395353,98.4141,-72.62666	0,-0.06911588,0,0.9976087	air_fall	0,0,0	0,0,0	False	False
-9.395353,98.1261,-72.62666	0,0.02495289,0,0.9996886	air_fall	0,0,0	0,0,0	False	False
-9.395353,97.8301,-72.62666	0,0.1420382,0,0.9898612	air_fall	0,0,0	0,0,0	False	False
-9.395353,97.5261,-72.62666	0,0.2490997,0,0.9684778	air_fall	0,0,0	0,0,0	False	False
-9.395353,97.2141,-72.62666	0,0.3697958,0,0.929113	air_fall	0,0,0	0,0,0	False	False
-9.395353,96.8941,-72.62666	0,0.4783936,0,0.8781456	air_fall	0,0,0	0,0,0	False	False
-9.395353,96.5661,-72.62666	0,0.573497,0,0.8192077	air_fall	0,0,0	0,0,0	False	False
-9.395353,96.2301,-72.62666	0,0.6548676,0,0.7557436	air_fall	0,0,0	0,0,0	False	False
-9.395353,95.8861,-72.62666	0,0.7231376,0,0.690704	air_fall	0,0,0	0,0,0	False	False
-9.395353,95.5341,-72.62666	0,0.7794942,0,0.6264095	air_fall	0,0,0	0,0,0	False	False
-9.395353,95.1741,-72.62666	0,1,0,-4.371139E-08	dash	0,0,0	0,0,0	False	True
-9.395353,94.80611,-73.42667	0,1,0,-4.371139E-08	dash	0,0,0	0,0,0	False	False
-9.395353,94.44296,-74.19874	0,1,0,-4.371139E-08	dash	0,0,0	0,0,0	False	False
-9.395353,94.08449,-74.94383	0,1,0,-4.371139E-08	dash	0,0,0	0,0,0	False	False
-9.395353,93.73076,-75.66246	0,1,0,-4.371139E-08	dash	0,0,0	0,0,0	False	False
-9.395353,93.38145,-76.35586	0,1,0,-4.371139E-08	dash	0,0,0	0,0,0	False	False
-9.395353,93.03635,-77.02499	0,1,0,-4.371139E-08	dash	0,0,0	0,0,0	False	False
-9.395353,92.69499,-77.67139	0,1,0,-4.371139E-08	dash	0,0,0	0,0,0	False	False
-9.395353,92.3576,-78.29514	0,1,0,-4.371139E-08	dash	0,0,0	0,0,0	False	False
-9.395353,92.02425,-78.8966	0,1,0,-4.371139E-08	dash	0,0,0	0,0,0	False	False
-9.395353,91.69422,-79.47765	0,1,0,-4.371139E-08	dash	0,0,0	0,0,0	False	False
-9.395353,91.36387,-80.04517	0,1,0,-4.371139E-08	dash	0,0,0	0,0,0	False	False
-9.395353,91.03739,-80.5923	0,1,0,-4.371139E-08	dash	0,0,0	0,0,0	False	False
-9.395353,90.71425,-81.12043	0,1,0,-4.371139E-08	dash	0,0,0	0,0,0	False	False
-9.395353,90.39418,-81.63046	0,1,0,-4.371139E-08	dash	0,0,0	0,0,0	False	False
-9.395353,90.07738,-82.12254	0,1,0,-4.371139E-08	dash	0,0,0	0,0,0	False	False
-9.395353,89.76347,-82.59769	0,1,0,-4.371139E-08	dash	0,0,0	0,0,0	False	False
-9.395353,89.45276,-83.0559	0,1,0,-4.371139E-08	dash	0,0,0	0,0,0	False	False
-9.395353,89.14466,-83.49846	0,1,0,-4.371139E-08	dash	0,0,0	0,0,0	False	False
-9.395353,88.83959,-83.92517	0,1,0,-4.371139E-08	dash	0,0,0	0,0,0	False	False
-9.395353,88.5369,-84.33737	0,1,0,-4.371139E-08	dash	0,0,0	0,0,0	False	False
-9.395353,88.23689,-84.73503	0,1,0,-4.371139E-08	dash	0,0,0	0,0,0	False	False
-9.395353,87.93947,-85.11864	0,1,0,-4.371139E-08	dash	0,0,0	0,0,0	False	False
-9.395353,87.6442,-85.48917	0,1,0,-4.371139E-08	dash	0,0,0	0,0,0	False	False
-9.395353,87.34792,-85.85092	0,1,0,-4.371139E-08	dash	0,0,0	0,0,0	False	False
-9.395353,87.05386,-86.2002	0,1,0,-4.371139E-08	stand_levi	0,0,0	0,0,0	False	False
-9.395353,86.759,-86.54091	0,1,0,-4.371139E-08	stand_levi	0,0,0	0,0,0	False	False
-9.395353,86.45615,-86.88162	0,1,0,-4.371139E-08	stand_levi	0,0,0	0,0,0	False	False
-9.395353,86.1453,-87.22234	0,1,0,-4.371139E-08	air_fall	0,0,0	0,0,0	False	False
-9.395353,85.82645,-87.56305	0,1,0,-4.371139E-08	air_fall	0,0,0	0,0,0	False	False
-9.395353,85.4996,-87.90376	0,1,0,-4.371139E-08	air_fall	0,0,0	0,0,0	False	False
-9.395353,85.16475,-88.24448	0,1,0,-4.371139E-08	air_fall	0,0,0	0,0,0	False	False
-9.395353,84.8219,-88.58519	0,0.9908302,0,-0.1351132	air_fall	0,0,0	0,0,0	False	False
-9.395353,84.47105,-88.9259	0,0.9644542,0,-0.2642501	air_fall	0,0,0	0,0,0	False	False
-9.395353,84.1122,-89.26662	0,0.9908779,0,-0.134763	air_fall	0,0,0	0,0,0	False	False
-9.395353,83.74535,-89.60733	0,0.9993789,0,-0.03523916	air_fall	0,0,0	0,0,0	False	False
-9.395353,83.3705,-89.94804	0,0.9984449,0,0.05574849	air_fall	0,0,0	0,0,0	False	False
-9.395353,82.98765,-90.28876	0,0.9904791,0,0.1376634	air_fall	0,0,0	0,0,0	False	False
-9.395353,82.59679,-90.62947	0,0.9775846,0,0.2105431	air_fall	0,0,0	0,0,0	False	False
-9.395353,82.19794,-90.97018	0,0.9614986,0,0.2748099	air_fall	0,0,0	0,0,0	False	False
-9.395353,81.79109,-91.3109	0,0.9435909,0,0.3311138	air_fall	0,0,0	0,0,0	False	False
-9.395353,81.37624,-91.65161	0,0.9560722,0,0.2931314	air_fall	0,0,0	0,0,0	False	False
-9.395353,80.95339,-91.99232	0,0.9760933,0,0.2173521	air_fall	0,0,0	0,0,0	False	False
-9.395353,80.52254,-92.33304	0,0.9814429,0,0.1917545	air_fall	0,0,0	0,0,0	False	False
-9.395353,80.08369,-92.67375	0,0.9856031,0,0.1690757	air_fall	0,0,0	0,0,0	False	False
-9.395353,79.63684,-93.01447	0,0.9807597,0,0.1952188	air_fall	0,0,0	0,0,0	False	False
-9.395353,79.18199,-93.35518	0,0.9652478,0,0.2613364	air_fall	0,0,0	0,0,0	False	False
-9.395353,78.71914,-93.69589	0,0.947642,0,0.3193347	air_fall	0,0,0	0,0,0	False	False
-9.395353,78.24829,-94.03661	0,0.9290488,0,0.3699573	air_fall	0,0,0	0,0,0	False	False
-9.395353,77.76944,-94.37732	0,1,0,-4.371139E-08	dash	0,0,0	0,0,0	False	True
-9.395353,77.28259,-95.51804	0,1,0,-4.371139E-08	dash	0,0,0	0,0,0	False	False
-9.395353,76.80528,-96.61764	0,1,0,-4.371139E-08	dash	0,0,0	0,0,0	False	False
-9.395353,76.33623,-97.6798	0,1,0,-4.371139E-08	dash	0,0,0	0,0,0	False	False
-9.395353,75.87672,-98.70221	0,1,0,-4.371139E-08	dash	0,0,0	0,0,0	False	False
-9.395353,75.42525,-99.68896	0,1,0,-4.371139E-08	dash	0,0,0	0,0,0	False	False
-9.395353,74.98154,-100.6413	0,1,0,-4.371139E-08	dash	0,0,0	0,0,0	False	False
-9.395353,74.54532,-101.5603	0,1,0,-4.371139E-08	dash	0,0,0	0,0,0	False	False
-9.395353,74.11635,-102.4473	0,1,0,-4.371139E-08	dash	0,0,0	0,0,0	False	False
