-4000.228,9.98,-5415.679	0,0.7094893,0,0.7047163	stand_levi	0,0,0	0,0,0	False	False
-4000.228,9.98,-5415.679	0,0.7090134,0,0.705195	stand_levi	0,0,0	0,0,0	False	False
-4000.228,9.98,-5415.679	0,0.7086325,0,0.7055778	stand_levi	0,0,0	0,0,0	False	False
-4000.228,9.98,-5415.679	0,0.7083277,0,0.7058839	stand_levi	0,0,0	0,0,0	False	False
-4000.228,9.98,-5415.679	0,0.7080836,0,0.7061286	stand_levi	0,0,0	0,0,0	False	False
-4000.228,9.98,-5415.679	0,0.7078884,0,0.7063243	stand_levi	0,0,0	0,0,0	False	False
-4000.228,9.98,-5415.679	0,0.7077321,0,0.7064809	stand_levi	0,0,0	0,0,0	False	False
-4000.228,9.98,-5415.679	0,0.7076071,0,0.7066061	stand_levi	0,0,0	0,0,0	False	False
-4000.228,9.98,-5415.679	0,0.7075071,0,0.7067063	stand_levi	0,0,0	0,0,0	False	False
-4000.228,9.98,-5415.679	0,0.707427,0,0.7067864	stand_levi	0,0,0	0,0,0	False	False
-4000.228,9.98,-5415.679	0,0.707363,0,0.7068505	stand_levi	0,0,0	0,0,0	False	False
-4000.228,9.98,-5415.679	0,0.7073117,0,0.7069018	stand_levi	0,0,0	0,0,0	False	False
-4000.228,9.98,-5415.679	0,0.7072707,0,0.7069428	stand_levi	0,0,0	0,0,0	False	False
-4000.228,9.98,-5415.679	0,0.707238,0,0.7069756	stand_levi	0,0,0	0,0,0	False	False
-4000.228,9.98,-5415.679	0,0.7072117,0,0.7070018	stand_levi	0,0,0	0,0,0	False	False
-4000.228,9.98,-5415.679	0,0.7071908,0,0.7070228	stand_levi	0,0,0	0,0,0	False	False
-4000.228,9.98,-5415.679	0,0.707174,0,0.7070397	stand_levi	0,0,0	0,0,0	False	False
-4000.228,9.98,-5415.679	0,0.7071605,0,0.7070531	stand_levi	0,0,0	0,0,0	False	False
-4000.228,9.98,-5415.679	0,0.7071498,0,0.7070638	stand_levi	0,0,0	0,0,0	False	False
-4000.228,9.98,-5415.679	0,0.7071412,0,0.7070724	stand_levi	0,0,0	0,0,0	False	False
-4000.228,9.98,-5415.679	0,0.7071343,0,0.7070792	stand_levi	0,0,0	0,0,0	False	False
-4000.228,9.98,-5415.679	0,0.7071288,0,0.7070847	run	0,0,0	0,0,0	False	False
-4000.228,9.98,-5415.864	0,0.8043201,0,0.5941963	run	0,0,0	0,0,0	False	False
-4000.228,9.98,-5416.049	0,0.8711723,0,0.4909774	run	0,0,0	0,0,0	False	False
-4000.228,9.98,-5416.234	0,0.9160179,0,0.4011374	run	0,0,0	0,0,0	False	False
-4000.228,9.98,-5416.419	0,0.9456071,0,0.3253109	run	0,0,0	0,0,0	False	False
-4000.228,9.98,-5416.604	0,0.9649201,0,0.2625436	run	0,0,0	0,0,0	False	False
-4000.228,9.98,-5416.789	0,0.9774377,0,0.2112238	stand_levi	0,0,0	0,0,0	False	False
-4000.228,9.98,-5416.789	0,0.9855143,0,0.1695924	stand_levi	0,0,0	0,0,0	False	False
-4000.228,9.98,-5416.789	0,0.9907103,0,0.1359895	stand_levi	0,0,0	0,0,0	False	False
-4000.228,9.98,-5416.789	0,0.9940468,0,0.1089536	stand_levi	0,0,0	0,0,0	False	False
-4000.228,9.98,-5416.789	0,0.9961868,0,0.08724605	stand_levi	0,0,0	0,0,0	False	False
-4000.228,9.98,-5416.789	0,0.9975582,0,0.06983946	stand_levi	0,0,0	0,0,0	False	False
-4000.228,9.98,-5416.789	0,0.9984367,0,0.0558934	stand_levi	0,0,0	0,0,0	False	False
-4000.228,9.98,-5416.789	0,0.9989994,0,0.0447259	stand_levi	0,0,0	0,0,0	False	False
-4000.228,9.98,-5416.789	0,0.9993595,0,0.03578644	stand_levi	0,0,0	0,0,0	False	False
-4000.228,9.98,-5416.789	0,0.99959,0,0.02863208	stand_levi	0,0,0	0,0,0	False	False
-4000.228,9.98,-5416.789	0,0.9997376,0,0.02290716	stand_levi	0,0,0	0,0,0	False	False
-4000.228,9.98,-5416.789	0,0.9998321,0,0.01832649	stand_levi	0,0,0	0,0,0	False	False
-4000.228,9.98,-5416.789	0,0.9998925,0,0.01466157	stand_levi	0,0,0	0,0,0	False	False
-4000.228,9.98,-5416.789	0,0.9999312,0,0.01172945	stand_levi	0,0,0	0,0,0	False	False
-4000.228,9.98,-5416.789	0,0.999956,0,0.009383656	stand_levi	0,0,0	0,0,0	False	False
-4000.228,9.98,-5416.789	0,0.9999719,0,0.007506969	stand_levi	0,0,0	0,0,0	False	False
-4000.228,9.98,-5416.789	0,0.999982,0,0.006005594	stand_levi	0,0,0	0,0,0	False	False
-4000.228,9.98,-5416.789	0,0.9999885,0,0.00480448	stand_levi	0,0,0	0,0,0	False	False
-4000.228,9.98,-5416.789	0,0.9999926,0,0.003843582	stand_levi	0,0,0	0,0,0	False	False
-4000.228,9.98,-5416.789	0,0.9999953,0,0.003074861	stand_levi	0,0,0	0,0,0	False	False
-4000.228,9.98,-5416.789	0,0.999997,0,0.002459882	stand_levi	0,0,0	0,0,0	False	False
-4000.228,9.98,-5416.789	0,0.9999981,0,0.001967898	stand_levi	0,0,0	0,0,0	False	False
-4000.228,9.98,-5416.789	0,0.9999987,0,0.00157431	stand_levi	0,0,0	0,0,0	False	False
-4000.228,9.98,-5416.789	0,0.9999992,0,0.00125944	stand_levi	0,0,0	0,0,0	False	False
-4000.228,9.98,-5416.789	0,0.9999995,0,0.001007543	stand_levi	0,0,0	0,0,0	False	False
-4000.228,9.98,-5416.789	0,0.9999997,0,0.0008060258	stand_levi	0,0,0	0,0,0	False	False
-4000.228,9.98,-5416.789	0,0.9999998,0,0.000644812	stand_levi	0,0,0	0,0,0	False	False
-4000.228,9.98,-5416.789	0,0.9999999,0,0.0005158408	stand_levi	0,0,0	0,0,0	False	False
-4000.228,9.98,-5416.789	0,0.9999999,0,0.0004126639	stand_levi	0,0,0	0,0,0	False	False
-4000.228,9.98,-5416.789	0,0.9999999,0,0.0003301224	stand_levi	0,0,0	0,0,0	False	False
-4000.228,9.98,-5416.789	0,1,0,0.0002640892	stand_levi	0,0,0	0,0,0	False	False
-4000.228,9.98,-5416.789	0,1,0,0.0002112626	stand_levi	0,0,0	0,0,0	False	False
-4000.228,9.98,-5416.789	0,1,0,0.0001690014	stand_levi	0,0,0	0,0,0	False	False
-4000.228,9.98,-5416.789	0,1,0,0.0001351924	stand_levi	0,0,0	0,0,0	False	False
-4000.228,9.98,-5416.789	0,1,0,0.0001081451	stand_levi	0,0,0	0,0,0	False	False
-4000.228,9.98,-5416.789	0,1,0,8.650738E-05	stand_levi	0,0,0	0,0,0	False	False
-4000.228,9.98,-5416.789	0,1,0,6.919717E-05	stand_levi	0,0,0	0,0,0	False	False
-4000.228,9.98,-5416.789	0,1,0,5.534899E-05	stand_levi	0,0,0	0,0,0	False	False
-4000.228,9.98,-5416.789	0,1,0,4.427045E-05	stand_levi	0,0,0	0,0,0	False	False
-4000.228,9.98,-5416.789	0,1,0,3.540762E-05	stand_levi	0,0,0	0,0,0	False	False
-4000.228,9.98,-5416.789	0,1,0,2.831735E-05	stand_levi	0,0,0	0,0,0	False	False
-4000.228,9.98,-5416.789	0,1,0,2.264514E-05	stand_levi	0,0,0	0,0,0	False	False
-4000.228,9.98,-5416.789	0,1,0,1.810737E-05	stand_levi	0,0,0	0,0,0	False	False
-4000.228,9.98,-5416.789	0,1,0,1.447715E-05	stand_levi	0,0,0	0,0,0	False	False
-4000.228,9.98,-5416.789	0,1,0,1.157298E-05	stand_levi	0,0,0	0,0,0	False	False
-4000.228,9.98,-5416.789	0,1,0,9.249643E-06	stand_levi	0,0,0	0,0,0	False	False
-4000.228,9.98,-5416.789	0,1,0,7.390972E-06	stand_levi	0,0,0	0,0,0	False	False
-4000.228,9.98,-5416.789	0,1,0,5.904036E-06	stand_levi	0,0,0	0,0,0	False	False
-4000.228,9.98,-5416.789	0,1,0,4.714486E-06	stand_levi	0,0,0	0,0,0	False	False
-4000.228,9.98,-5416.789	0,1,0,3.762847E-06	stand_levi	0,0,0	0,0,0	False	False
-4000.228,9.98,-5416.789	0,1,0,3.001535E-06	stand_levi	0,0,0	0,0,0	False	False
-4000.228,9.98,-5416.789	0,1,0,2.392486E-06	stand_levi	0,0,0	0,0,0	False	False
-4000.228,9.98,-5416.789	0,1,0,1.905247E-06	stand_levi	0,0,0	0,0,0	False	False
-4000.228,9.98,-5416.789	0,1,0,1.515455E-06	stand_levi	0,0,0	0,0,0	False	False
-4000.228,9.98,-5416.789	0,1,0,1.203622E-06	stand_levi	0,0,0	0,0,0	False	False
-4000.228,9.98,-5416.789	0,1,0,9.541552E-07	stand_levi	0,0,0	0,0,0	False	False
-4000.228,9.98,-5416.789	0,1,0,7.545819E-07	stand_levi	0,0,0	0,0,0	False	False
-4000.228,9.98,-5416.789	0,1,0,5.949233E-07	stand_levi	0,0,0	0,0,0	False	False
-4000.228,9.98,-5416.789	0,1,0,4.671963E-07	stand_levi	0,0,0	0,0,0	False	False
-4000.228,9.98,-5416.789	0,1,0,3.650148E-07	stand_levi	0,0,0	0,0,0	False	False
-4000.228,9.98,-5416.789	0,1,0,2.832695E-07	stand_levi	0,0,0	0,0,0	False	False
-4000.228,9.98,-5416.789	0,1,0,2.178733E-07	stand_levi	0,0,0	0,0,0	False	False
-4000.228,9.98,-5416.789	0,1,0,1.655564E-07	stand_levi	0,0,0	0,0,0	False	False
-4000.228,9.98,-5416.789	0,1,0,1.237028E-07	stand_levi	0,0,0	0,0,0	False	False
-4000.228,9.98,-5416.789	0,1,0,9.022E-08	stand_levi	0,0,0	0,0,0	False	False
-4000.228,9.98,-5416.789	0,1,0,6.343372E-08	stand_levi	0,0,0	0,0,0	False	False
-4000.228,9.98,-5416.789	0,1,0,4.20047E-08	stand_levi	0,0,0	0,0,0	False	False
-4000.228,9.98,-5416.789	0,1,0,2.486148E-08	stand_levi	0,0,0	0,0,0	False	False
-4000.228,9.98,-5416.789	0,1,0,1.114691E-08	stand_levi	0,0,0	0,0,0	False	False
-4000.228,9.98,-5416.789	0,1,0,1.752491E-10	stand_levi	0,0,0	0,0,0	False	False
-4000.228,9.98,-5416.789	0,1,0,-8.602077E-09	stand_levi	0,0,0	0,0,0	False	False
-4000.228,9.98,-5416.789	0,1,0,-1.562394E-08	stand_levi	0,0,0	0,0,0	False	False
-4000.228,9.98,-5416.789	0,1,0,-2.124143E-08	stand_levi	0,0,0	0,0,0	False	False
-4000.228,9.98,-5416.789	0,1,0,-2.573542E-08	stand_levi	0,0,0	0,0,0	False	False
-4000.228,9.98,-5416.789	0,1,0,-2.933061E-08	stand_levi	0,0,0	0,0,0	False	False
-4000.228,9.98,-5416.789	0,1,0,-3.220677E-08	stand_levi	0,0,0	0,0,0	False	False
-4000.228,9.98,-5416.789	0,1,0,-3.450769E-08	stand_levi	0,0,0	0,0,0	False	False
-4000.228,9.98,-5416.789	0,1,0,-3.634843E-08	stand_levi	0,0,0	0,0,0	False	False
-4000.228,9.98,-5416.789	0,1,0,-3.782102E-08	stand_levi	0,0,0	0,0,0	False	False
-4000.228,9.98,-5416.789	0,1,0,-3.89991E-08	stand_levi	0,0,0	0,0,0	False	False
-4000.228,9.98,-5416.789	0,1,0,-3.994155E-08	stand_levi	0,0,0	0,0,0	False	False
-4000.228,9.98,-5416.789	0,1,0,-4.069552E-08	stand_levi	0,0,0	0,0,0	False	False
-4000.228,9.98,-5416.789	0,1,0,-4.129869E-08	stand_levi	0,0,0	0,0,0	False	False
-4000.228,9.98,-5416.789	0,1,0,-4.178123E-08	stand_levi	0,0,0	0,0,0	False	False
-4000.228,9.98,-5416.789	0,1,0,-4.216727E-08	stand_levi	0,0,0	0,0,0	False	False
-4000.228,9.98,-5416.789	0,1,0,-4.247609E-08	stand_levi	0,0,0	0,0,0	False	False
-4000.228,9.98,-5416.789	0,1,0,-4.272315E-08	stand_levi	0,0,0	0,0,0	False	False
-4000.228,9.98,-5416.789	0,1,0,-4.29208E-08	stand_levi	0,0,0	0,0,0	False	False
-4000.228,9.98,-5416.789	0,1,0,-4.307891E-08	stand_levi	0,0,0	0,0,0	False	False
-4000.228,9.98,-5416.789	0,1,0,-4.320541E-08	run	0,0,0	0,0,0	False	False
-4000.218,9.98,-5416.974	0,0.9999839,0,0.005671926	run	0,0,0	0,0,0	False	False
-4000.207,9.98,-5417.159	0,0.9999479,0,0.01020956	jump	0,0,0	0,0,0	False	False
-4000.197,9.98,-5417.344	0,0.9999043,0,0.01383961	jump	0,0,0	0,0,0	False	False
-4000.186,9.98,-5417.529	0,0.9998599,0,0.01674357	jump	0,0,0	0,0,0	False	False
-4000.176,9.98,-5417.714	0,0.9998182,0,0.01906665	jump	0,0,0	0,0,0	False	False
-4000.165,9.98,-5417.899	0,0.9997811,0,0.02092507	jump	0,0,0	0,0,0	False	False
-4000.154,10.132,-5418.089	0,0.9997488,0,0.02241175	jump	0,0,0	0,0,0	False	False
-4000.144,10.436,-5418.278	0,0.9997215,0,0.02360106	air_rise	0,0,0	0,0,0	False	False
-4000.133,10.732,-5418.468	0,0.9997078,0,0.02417192	air_rise	0,0,0	0,0,0	False	False
-4000.122,11.02,-5418.657	0,0.9996955,0,0.02467427	air_rise	0,0,0	0,0,0	False	False
-4000.111,11.3,-5418.847	0,0.9996845,0,0.02511633	air_rise	0,0,0	0,0,0	False	False
-4000.101,11.572,-5419.036	0,0.9996747,0,0.02550534	wallrun	0,0,0	0,0,0	False	False
-4000.09,11.836,-5419.226	0,0.9996659,0,0.02584767	wallrun	0,0,0	0,0,0	False	False
-4000.09,12.018,-5419.226	0,0.999658,0,0.02614892	wallrun	0,0,0	0,0,0	False	False
-4000.09,12.2,-5419.226	0,0.9996511,0,0.02641401	wallrun	0,0,0	0,0,0	False	False
-4000.09,12.382,-5419.226	0,0.9996449,0,0.02664729	wallrun	0,0,0	0,0,0	False	False
-4000.09,12.564,-5419.226	0,0.9996395,0,0.02685258	wallrun	0,0,0	0,0,0	False	False
-4000.09,12.746,-5419.226	0,0.9996346,0,0.02703323	wallrun	0,0,0	0,0,0	False	False
-4000.09,12.928,-5419.226	0,0.9996303,0,0.02719221	wallrun	0,0,0	0,0,0	False	False
-4000.09,13.11,-5419.226	0,0.9996265,0,0.0273321	wallrun	0,0,0	0,0,0	False	False
-4000.09,13.292,-5419.226	0,0.9996231,0,0.02745521	wallrun	0,0,0	0,0,0	False	False
-4000.09,13.474,-5419.226	0,0.9996201,0,0.02756355	wallrun	0,0,0	0,0,0	False	False
-4000.09,13.656,-5419.226	0,0.9996175,0,0.02765888	wallrun	0,0,0	0,0,0	False	False
-4000.09,13.838,-5419.226	0,0.9996151,0,0.02774277	wallrun	0,0,0	0,0,0	False	False
-4000.09,14.02,-5419.226	0,0.999613,0,0.0278166	wallrun	0,0,0	0,0,0	False	False
-4000.09,14.202,-5419.226	0,0.9996113,0,0.02788156	wallrun	0,0,0	0,0,0	False	False
-4000.09,14.384,-5419.226	0,0.9996096,0,0.02793873	wallrun	0,0,0	0,0,0	False	False
-4000.09,14.566,-5419.226	0,0.9996082,0,0.02798904	wallrun	0,0,0	0,0,0	False	False
-4000.09,14.748,-5419.226	0,0.999607,0,0.02803332	wallrun	0,0,0	0,0,0	False	False
-4000.09,14.93,-5419.226	0,0.9996059,0,0.02807228	wallrun	0,0,0	0,0,0	False	False
-4000.09,15.112,-5419.226	0,0.9996049,0,0.02810656	wallrun	0,0,0	0,0,0	False	False
-4000.09,15.294,-5419.226	0,0.9996041,0,0.02813673	wallrun	0,0,0	0,0,0	False	False
-4000.09,15.476,-5419.226	0,0.9996033,0,0.02816328	dodge	0,0,0	0,0,0	False	False
-4000.108,15.658,-5418.909	0,0.9996027,0,0.02818665	dodge	0,0,0	0,0,0	True	False
-4000.125,15.832,-5418.593	0,0.9996021,0,0.02820721	dodge	0,0,0	0,0,0	True	False
-4000.143,15.998,-5418.276	0,0.9996016,0,0.0282253	dodge	0,0,0	0,0,0	True	False
-4000.161,16.156,-5417.96	0,0.002181679,0,-0.9999976	air_rise	0,0,0	0,0,0	True	False
-4000.183,16.306,-5416.832	0,0.002181679,0,-0.9999976	air2	0,0,0	0,0,0	True	False
-4000.204,16.448,-5415.692	0,0.002181679,0,-0.9999976	air2	0,0,0	0,0,0	True	False
-4000.226,16.582,-5414.54	0,0.002181679,0,-0.9999976	air2	0,0,0	0,0,0	True	False
-4000.247,16.708,-5413.375	0,0.002181679,0,-0.9999976	air2	0,0,0	0,0,0	True	False
-4000.269,16.826,-5412.199	0,0.002181679,0,-0.9999976	air2	0,0,0	0,0,0	True	False
-4000.29,16.936,-5411.011	0,0.002181679,0,-0.9999976	air2	0,0,0	0,0,0	True	False
-4000.312,17.038,-5409.811	0,0.002181679,0,-0.9999976	air2	0,0,0	0,0,0	True	False
-4000.334,17.132,-5408.599	0,0.002181679,0,-0.9999976	air2	0,0,0	0,0,0	True	False
-4000.355,17.218,-5407.375	0,0.002181679,0,-0.9999976	air2	0,0,0	0,0,0	True	False
-4000.377,17.296,-5406.139	0,0.002181679,0,-0.9999976	air2	0,0,0	0,0,0	True	False
-4000.399,17.366,-5404.891	0,0.002181679,0,-0.9999976	air2	0,0,0	0,0,0	True	False
-4000.43,17.428,-5403.634	0,0.002181679,0,-0.9999976	air2	0,0,0	0,0,0	True	False
-4000.469,17.482,-5402.369	0,0.04847488,0,-0.9988244	attack2	0,0,0	0,0,0	True	False
-4000.516,17.528,-5401.095	0,0.08938406,0,-0.9959973	attack2	0,0,0	0,0,0	True	False
-4000.572,17.566,-5399.813	0.002254066,0.1254292,0.000939431,-0.9920996	attack2	0,0,0	0,0,0	True	False
-4000.636,17.596,-5398.523	0.003810221,0.1571352,0.001587993,-0.9875685	attack2	0,0,0	0,0,0	True	False
-4000.709,17.618,-5397.224	0.004788271,0.1849869,0.001995616,-0.9827273	attack2	0,0,0	0,0,0	True	False
-4000.791,17.632,-5395.917	0.005293813,0.2094313,0.002206312,-0.9778066	attack2	0,0,0	0,0,0	True	False
-4000.881,17.638,-5394.601	0.005416318,0.2308736,0.002257369,-0.9729661	attack2	0,0,0	0,0,0	True	False
-4000.971,17.636,-5393.273	0.005229983,0.2496773,0.002179709,-0.9683126	attack2	0,0,0	0,0,0	True	False
-4001.061,17.626,-5391.934	0.004822134,0.2207047,0.001924929,-0.9753269	attack2	0,0,0	0,0,0	True	False
-4001.152,17.608,-5390.582	0.004189115,0.1949808,0.00169814,-0.9807967	attack2	0,0,0	0,0,0	True	False
-4001.242,17.582,-5389.218	0.003353861,0.172187,0.001496596,-0.9850575	attack2	0,0,0	0,0,0	True	False
-4001.332,17.548,-5387.842	0.002323563,0.1520209,0.001317661,-0.9883737	attack2	0,0,0	0,0,0	True	False
-4001.423,17.506,-5386.455	0.001109104,0.1342011,0.001158886,-0.9909528	attack2	0,0,0	0,0,0	True	False
-4001.513,17.456,-5385.055	-0.0002761702,0.1184692,0.001018038,-0.9929572	attack2	0,0,0	0,0,0	True	False
-4001.604,17.398,-5383.643	-0.001817385,0.1045905,0.0008930893,-0.9945133	attack2	0,0,0	0,0,0	True	False
-4001.694,17.332,-5382.219	-0.003498856,0.09235369,0.0007822213,-0.9957199	attack2	0,0,0	0,0,0	True	False
-4001.785,17.258,-5380.784	-0.00530461,0.08156908,0.0006838067,-0.9966534	attack2	0,0,0	0,0,0	True	False
-4001.875,17.176,-5379.336	-0.007218767,0.07206753,0.0005963973,-0.9973735	attack2	0,0,0	0,0,0	True	False
-4001.966,17.086,-5377.876	-0.009225791,0.06369855,0.0005187082,-0.9979265	attack2	0,0,0	0,0,0	True	False
-4002.057,16.988,-5376.404	-0.01131063,0.05632858,0.0004496018,-0.9983481	attack2	0,0,0	0,0,0	True	False
-4002.148,16.882,-5374.92	-0.01345881,0.0498394,0.0003880735,-0.9986665	attack2	0,0,0	0,0,0	True	False
-4002.239,16.768,-5373.425	-0.01565644,0.04412642,0.0003332372,-0.9989032	attack2	0,0,0	0,0,0	True	False
-4002.329,16.646,-5371.917	-0.01789025,0.03909725,0.0002843124,-0.9990752	attack2	0,0,0	0,0,0	True	False
-4002.42,16.516,-5370.397	-0.02014773,0.03467035,0.0002406118,-0.9991957	attack2	0,0,0	0,0,0	True	False
-4002.511,16.378,-5368.866	-0.02241732,0.0307738,0.0002015309,-0.999275	attack2	0,0,0	0,0,0	True	False
-4002.603,16.232,-5367.322	-0.02468878,0.02734422,0.0001665364,-0.9993212	attack2	0,0,0	0,0,0	True	False
-4002.694,16.078,-5365.766	-0.02695351,0.02432574,0.0001351576,-0.9993407	air2	0,0,0	0,0,0	True	False
-4002.785,15.916,-5364.198	-0.02920472,0.02166914,0.0001069784,-0.9993386	air2	0,0,0	0,0,0	True	False
-4002.876,15.746,-5362.619	-0.02570183,0.01933191,9.414709E-05,-0.9994828	air2	0,0,0	0,0,0	True	False
-4002.967,15.568,-5361.027	-0.02261875,0.01727475,8.285362E-05,-0.9995949	air2	0,0,0	0,0,0	True	False
-4003.059,15.382,-5359.423	-0.01990528,0.01546419,7.291403E-05,-0.9996823	air2	0,0,0	0,0,0	True	False
-4003.15,15.188,-5357.808	-0.01751717,0.0138707,6.416629E-05,-0.9997504	air2	0,0,0	0,0,0	True	False
-4003.241,14.986,-5356.18	-0.01541547,0.01246831,5.646766E-05,-0.9998034	air2	0,0,0	0,0,0	True	False
-4003.333,14.776,-5354.54	-0.01356586,0.01123412,4.969244E-05,-0.9998449	air2	0,0,0	0,0,0	True	False
-4003.425,14.558,-5352.888	-0.01193813,0.01014797,4.372996E-05,-0.9998773	air2	0,0,0	0,0,0	True	False
-4003.516,14.332,-5351.225	-0.01050567,0.009192117,3.848279E-05,-0.9999026	air2	0,0,0	0,0,0	True	False
-4003.608,14.098,-5349.549	-0.009245063,0.008350934,3.386514E-05,-0.9999224	air2	0,0,0	0,0,0	True	False
-4003.699,13.856,-5347.861	-0.008135709,0.007610673,2.980151E-05,-0.999938	air2	0,0,0	0,0,0	True	False
-4003.791,13.606,-5346.162	-0.007159471,0.006697456,2.622551E-05,-0.999952	air2	0,0,0	0,0,0	True	False
-4003.882,13.348,-5344.45	-0.006300378,0.005632021,2.30786E-05,-0.9999643	air2	0,0,0	0,0,0	True	False
-4003.974,13.082,-5342.726	-0.005544373,0.004432634,2.030932E-05,-0.9999748	air2	0,0,0	0,0,0	True	False
-4004.065,12.808,-5340.99	-0.004879076,0.003377161,1.78723E-05,-0.9999824	air2	0,0,0	0,0,0	True	False
-4004.156,12.526,-5339.243	-0.004293615,0.002186543,1.572773E-05,-0.9999884	air2	0,0,0	0,0,0	True	False
-4004.247,12.236,-5337.483	-0.003778409,0.0008770002,1.38405E-05,-0.9999925	air2	0,0,0	0,0,0	True	False
-4004.337,11.938,-5335.711	-0.003325027,-0.0005371951,1.217974E-05,-0.9999943	air2	0,0,0	0,0,0	True	False
-4004.427,11.632,-5333.928	-0.002926059,-0.002305263,1.07183E-05,-0.9999931	air2	0,0,0	0,0,0	True	False
-4004.517,11.318,-5332.132	-0.002574964,-0.004122952,9.432224E-06,-0.9999882	air2	0,0,0	0,0,0	True	False
-4004.605,10.996,-5330.324	-0.002266007,-0.006246069,8.300497E-06,-0.9999779	air2	0,0,0	0,0,0	True	False
-4004.694,10.666,-5328.504	-0.001994112,-0.008114413,7.304533E-06,-0.9999651	air2	0,0,0	0,0,0	True	False
-4004.782,10.328,-5326.673	-0.001754836,-0.009758549,6.428054E-06,-0.9999509	air2	0,0,0	0,0,0	True	False
-4004.869,9.982003,-5324.829	-0.001544268,-0.01120538,5.656732E-06,-0.999936	slide	0,0,0	0,0,0	False	False
-4004.946,9.9804,-5323.215	-0.001235535,-0.004230658,4.525827E-06,-0.9999903	slide	0,0,0	0,0,0	False	False
-4005.021,9.980078,-5321.623	-0.0009884896,0.001349614,3.620888E-06,-0.9999986	slide	0,0,0	0,0,0	False	False
-4005.095,9.980011,-5320.051	-0.0007908233,0.00581398,2.896826E-06,-0.9999828	slide	0,0,0	0,0,0	False	False
-4005.169,9.979997,-5318.5	-0.0006326748,0.009385481,2.31752E-06,-0.9999558	slide	0,0,0	0,0,0	False	False
-4005.241,9.979992,-5316.97	-0.0005061482,0.01224264,1.854046E-06,-0.999925	slide	0,0,0	0,0,0	False	False
-4005.313,9.97999,-5315.459	-0.0004049228,0.01452832,1.483253E-06,-0.9998944	slide	0,0,0	0,0,0	False	False
-4005.384,9.979989,-5313.969	0,0.01172556,0,0.9999313	air_hook_r_just	0,0,0	-4003.26,41.22164,-5223.415	False	False
-4005.453,10.27636,-5312.476	0,0.01172556,0,0.9999313	air_hook_r_just	0,0,0	-4003.26,41.22164,-5223.415	False	False
-4005.523,10.57456,-5310.955	0,0.01172556,0,0.9999313	air_hook_r_just	0,0,0	-4003.26,41.22164,-5223.415	True	False
-4005.593,10.87464,-5309.405	-0.008044004,0.01046821,-0.01348407,0.9998219	air_hook_r_just	0,0,0	-4003.26,41.22164,-5223.415	True	False
-4005.663,11.17663,-5307.827	-0.01528253,0.009410905,-0.02536438,0.9995171	air_hook_r_just	0,0,0	-4003.26,41.22164,-5223.415	True	False
-4005.733,11.48058,-5306.219	-0.02181024,0.008532912,-0.03582894,0.9990835	air_hook_r_just	0,0,0	-4003.26,41.22164,-5223.415	True	False
-4005.804,11.78654,-5304.583	-0.02771144,0.007816377,-0.04504428,0.99857	air_hook_r_just	0,0,0	-4003.26,41.22164,-5223.415	True	False
-4005.875,12.09455,-5302.918	-0.03306097,0.007245761,-0.0531573,0.9980124	air_hook_r_just	0,0,0	-4003.26,41.22164,-5223.415	True	False
-4005.946,12.40468,-5301.225	-0.03792506,0.006807563,-0.06029783,0.9974365	air_hook_r_just	0,0,0	-4003.26,41.22164,-5223.415	True	False
-4006.017,12.71698,-5299.502	-0.04236225,0.006489981,-0.06658035,0.9968603	air_hook_r_just	0,0,0	-4003.26,41.22164,-5223.415	True	False
-4006.089,13.03151,-5297.751	-0.04642423,0.00628308,-0.07210575,0.9962962	air_hook_r_just	0,0,0	-4003.26,41.22164,-5223.415	True	False
-4006.16,13.34834,-5295.972	-0.05015657,0.006178494,-0.07696276,0.9957525	air_hook_r_just	0,0,0	-4003.26,41.22164,-5223.415	True	False
-4006.232,13.66754,-5294.164	-0.05359945,0.006169116,-0.08122937,0.9952341	air_hook_r_just	0,0,0	-4003.26,41.22164,-5223.415	True	False
-4006.303,13.98919,-5292.328	0,0.04656652,0,0.9989152	dash	-3999.775,38.58871,-5222.464	-4003.26,41.22164,-5223.415	True	False
-4006.373,14.5587,-5290.446	0,0.04656652,0,0.9989152	dash	-3999.775,38.58871,-5222.464	-4003.26,41.22164,-5223.415	True	False
-4006.442,15.13044,-5288.547	0,0.04656652,0,0.9989152	dash	-3999.775,38.58871,-5222.464	-4003.26,41.22164,-5223.415	False	False
-4006.51,15.70444,-5286.632	-0.01038118,0.04505188,-0.002377496,0.9989279	dash	-3999.775,38.58871,-5222.464	0,0,0	False	False
-4006.576,16.28074,-5284.701	-0.01960841,0.04389801,-0.004452932,0.9988337	dash	-3999.775,38.58871,-5222.464	0,0,0	False	False
-4006.64,16.859,-5282.753	-0.02782399,0.0428551,-0.006526088,0.9986725	dash	-3999.775,38.58871,-5222.464	0,0,0	False	False
-4006.703,17.43926,-5280.788	-0.03520018,0.04481102,-0.008099448,0.9983423	dash	-3999.775,38.58871,-5222.464	0,0,0	False	False
-4006.763,18.02154,-5278.807	-0.04178282,0.04681796,-0.009461667,0.9979843	dash	-3999.775,38.58871,-5222.464	0,0,0	False	False
-4006.822,18.60587,-5276.809	-0.1210086,0.06395345,0.00781268,0.9905583	attack1_hook_r1	-3999.775,38.58871,-5222.464	0,0,0	True	False
-4006.879,19.1923,-5274.782	-0.1261382,0.06688549,0.008524461,0.9897186	attack1_hook_r1	-3999.775,38.58871,-5222.464	0,0,0	True	False
-4006.935,19.78085,-5272.728	-0.1247308,0.07012971,0.008838644,0.9896696	attack1_hook_r1	-3999.775,38.58871,-5222.464	0,0,0	True	False
-4006.989,20.37158,-5270.644	-0.1230626,0.0736714,0.009161307,0.9896182	attack1_hook_r1	-3999.775,38.58871,-5222.464	0,0,0	True	False
-4007.041,20.96454,-5268.532	-0.1213837,0.07755255,0.009513258,0.9895257	attack1_hook_r1	-3999.775,38.58871,-5222.464	0,0,0	True	False
-4007.091,21.55978,-5266.392	-0.119695,0.08182463,0.009899095,0.9893836	attack1_hook_r1	-3999.775,38.58871,-5222.464	0,0,0	True	False
-4007.14,22.15738,-5264.224	-0.1179885,0.08655344,0.01032399,0.9891818	attack1_hook_r1	-3999.775,38.58871,-5222.464	0,0,0	True	False
-4007.186,22.75739,-5262.027	-0.1162536,0.0918171,0.0107938,0.9889076	attack1_hook_r1	-3999.775,38.58871,-5222.464	0,0,0	True	False
-4007.23,23.35991,-5259.802	-0.1144778,0.09771627,0.01131598,0.9885436	attack1_hook_r1	-3999.775,38.58871,-5222.464	0,0,0	True	False
-4007.271,23.96504,-5257.548	-0.112645,0.1043746,0.01189927,0.9880666	attack1_hook_r1	-3999.775,38.58871,-5222.464	0,0,0	True	False
-4007.31,24.57287,-5255.267	-0.1107351,0.1119486,0.01255426,0.987445	attack1_hook_r1	-3999.775,38.58871,-5222.464	0,0,0	True	False
-4007.346,25.18354,-5252.958	-0.1087224,0.1206449,0.01329449,0.9866344	attack1_hook_r1	-3999.775,38.58871,-5222.464	0,0,0	True	False
-4007.378,25.79719,-5250.62	-0.1065727,0.1307281,0.014136,0.9855722	attack1_hook_r1	-3999.775,38.58871,-5222.464	0,0,0	True	False
-4007.407,26.41398,-5248.255	-0.1042407,0.1425617,0.01509983,0.9841657	attack1_hook_r1	-3999.775,38.58871,-5222.464	0,0,0	True	False
-4007.433,27.03409,-5245.863	-0.1016631,0.1566396,0.0162118,0.9822759	attack1_hook_r1	-3999.775,38.58871,-5222.464	0,0,0	True	False
-4007.454,27.65776,-5243.443	-0.0987514,0.1736519,0.01750393,0.9796871	attack1_hook_r1	-3999.775,38.58871,-5222.464	0,0,0	True	False
-4007.47,28.28525,-5240.996	-0.09537825,0.1945753,0.01901355,0.9760543	attack1_hook_r1	-3999.775,38.58871,-5222.464	0,0,0	True	False
-4007.48,28.91686,-5238.523	-0.09135693,0.2208465,0.02078276,0.970798	attack1_hook_r1	-3999.775,38.58871,-5222.464	0,0,0	True	False
-4007.485,29.55295,-5236.023	-0.08640288,0.2546203,0.02284751,0.9629024	attack1_hook_r1	-3999.775,38.58871,-5222.464	0,0,0	True	False
-4007.483,30.19395,-5233.499	-0.08007466,0.2991079,0.02519776,0.9505196	attack1_hook_r1	-3999.775,38.58871,-5222.464	0,0,0	True	False
-4007.474,30.84035,-5230.95	-0.07169604,0.3590524,0.02767584,0.9301479	attack1_hook_r1	-3999.775,38.58871,-5222.464	0,0,0	True	False
-4007.456,31.49272,-5228.378	-0.07169604,0.3590524,0.02767584,0.9301479	attack1_hook_r1	0,0,0	0,0,0	True	False
-4007.427,32.14759,-5225.786	-0.07169604,0.3590524,0.02767584,0.9301479	attack1_hook_r1	0,0,0	0,0,0	True	False
-4007.401,32.79446,-5223.182	-0.07185236,0.3109639,0.02404864,0.9473966	attack1_hook_r1	0,0,0	0,0,0	True	False
-4007.376,33.43333,-5220.565	-0.0718403,0.2673937,0.02076298,0.9606813	attack1_hook_r1	0,0,0	0,0,0	True	False
-4007.354,34.06419,-5217.938	-0.07249087,0.228354,0.01776263,0.9707132	attack1_hook_r1	0,0,0	0,0,0	True	False
-4007.332,34.68706,-5215.297	-0.07362534,0.1935277,0.01503954,0.9782127	attack1_hook_r1	0,0,0	0,0,0	True	False
-4007.313,35.30193,-5212.646	-0.07509185,0.1625647,0.01258044,0.9837559	attack1_hook_r1	0,0,0	0,0,0	True	False
-4007.295,35.9088,-5209.982	-0.0767657,0.1351072,0.01036893,0.9877984	attack1_hook_r1	0,0,0	0,0,0	True	False
-4007.279,36.50767,-5207.306	-0.07854614,0.1108058,0.008387067,0.9906979	attack1_hook_r1	0,0,0	0,0,0	True	False
-4007.264,37.09854,-5204.619	-0.08035477,0.08907296,0.006592482,0.9927567	attack1_hook_r1	0,0,0	0,0,0	True	False
-4007.251,37.6814,-5201.919	-0.08212635,0.06988754,0.004993305,0.9941559	attack1_hook_r1	0,0,0	0,0,0	True	False
-4007.24,38.25627,-5199.208	-0.0838173,0.05296565,0.003571741,0.9950661	attack1_hook_r1	0,0,0	0,0,0	True	False
-4007.231,38.82314,-5196.485	-0.085391,0.03804994,0.002311317,0.995618	attack1_hook_r1	0,0,0	0,0,0	True	False
-4007.224,39.38201,-5193.75	-0.08682084,0.02490891,0.001196659,0.9959118	attack1_hook_r1	0,0,0	0,0,0	True	False
-4007.218,39.93288,-5191.003	-0.08808822,0.01333552,0.0002135716,0.9960234	attack1_hook_r1	0,0,0	0,0,0	True	False
-4007.214,40.47575,-5188.244	-0.08918034,0.003145383,-0.0006509216,0.9960103	attack1_hook_r1	0,0,0	0,0,0	True	False
-4007.211,41.01061,-5185.474	-0.09008675,-0.005825242,-0.00140845,0.9959159	attack1_hook_r1	0,0,0	0,0,0	True	False
-4007.21,41.53748,-5182.691	-0.09078561,-0.01372147,-0.002068439,0.9957738	attack1_hook_r1	0,0,0	0,0,0	True	False
-4007.203,42.05635,-5179.899	-0.09118757,-0.02067211,-0.0026342,0.9956157	attack1_hook_r1	0,0,0	0,0,0	True	False
-4007.188,42.56721,-5177.097	-0.09125628,0.01959695,0.001161166,0.995634	attack1_hook_r1	0,0,0	0,0,0	True	False
-4007.165,43.07008,-5174.286	-0.09089728,0.05518549,0.004417361,0.9943203	attack1_hook_r1	0,0,0	0,0,0	True	False
-4007.136,43.56495,-5171.465	-0.09036091,0.08656471,0.007248034,0.9921134	air2	0,0,0	0,0,0	True	False
-4007.099,44.05182,-5168.634	-0.08919013,0.1142044,0.009533365,0.9893996	air2	0,0,0	0,0,0	True	False
-4007.055,44.53069,-5165.794	-0.07869571,0.1386954,0.008411638,0.9871676	air2	0,0,0	0,0,0	True	False
-4007.004,45.00156,-5162.944	-0.06939486,0.1602094,0.007417487,0.9846128	air2	0,0,0	0,0,0	True	False
-4006.946,45.46442,-5160.085	-0.06116499,0.179098,0.006537811,0.9819063	air2	0,0,0	0,0,0	True	False
-4006.881,45.91929,-5157.216	-0.05389181,0.1956764,0.005760395,0.9791697	air2	0,0,0	0,0,0	True	False
-4006.808,46.36616,-5154.337	-0.04747029,0.2102249,0.00507401,0.9764867	air2	0,0,0	0,0,0	True	False
-4006.729,46.80503,-5151.449	-0.0418049,0.2229917,0.004468448,0.9739133	air2	0,0,0	0,0,0	True	False
-4006.642,47.2359,-5148.551	-0.0368095,0.2341957,0.003934498,0.9714844	air2	0,0,0	0,0,0	True	False
-4006.557,47.65877,-5145.642	-0.03240681,0.2440292,0.003463903,0.9692201	air2	0,0,0	0,0,0	True	False
-4006.473,48.07364,-5142.72	-0.02867235,0.2072294,0.003064734,0.9778673	air2	0,0,0	0,0,0	True	False
-4006.391,48.4805,-5139.786	-0.02533777,0.1744606,0.002708307,0.9843344	air2	0,0,0	0,0,0	True	False
-4006.311,48.87937,-5136.841	-0.02237003,0.1453664,0.002391091,0.9891221	air2	0,0,0	0,0,0	True	False
-4006.233,49.27024,-5133.884	-0.01973549,0.1195927,0.00210949,0.9926246	air2	0,0,0	0,0,0	True	False
-4006.156,49.65311,-5130.915	-0.01740136,0.09679943,0.001859998,0.99515	air2	0,0,0	0,0,0	True	False
-4006.081,50.02798,-5127.934	-0.01533652,0.07666817,0.001639292,0.9969374	air2	0,0,0	0,0,0	True	False
-4006.008,50.39484,-5124.941	-0.01351207,0.05890552,0.00144428,0.9981711	air2	0,0,0	0,0,0	True	False
-4005.937,50.75371,-5121.936	-0.0119015,0.04324446,0.001272129,0.9989929	air2	0,0,0	0,0,0	True	False
-4005.867,51.10458,-5118.919	-0.01048074,0.02944405,0.001120267,0.9995109	air2	0,0,0	0,0,0	True	False
-4005.8,51.44745,-5115.891	-0.009228121,0.01728833,0.0009863765,0.9998075	air2	0,0,0	0,0,0	True	False
-4005.733,51.78232,-5112.851	-0.008124202,0.006584596,0.0008683807,0.999945	air2	0,0,0	0,0,0	True	False
-4005.669,52.10919,-5109.798	-0.007151653,-0.002838421,0.0007644268,0.9999701	air2	0,0,0	0,0,0	True	False
-4005.606,52.42805,-5106.734	-0.006295061,-0.01113258,0.0006728673,0.999918	air2	0,0,0	0,0,0	True	False
-4005.545,52.73892,-5103.658	-0.005540748,-0.01843224,0.0005922402,0.9998146	air2	0,0,0	0,0,0	True	False
-4005.486,53.04179,-5100.57	-0.004876605,-0.02485611,0.0005212513,0.999679	air2	0,0,0	0,0,0	True	False
-4005.428,53.33666,-5097.471	-0.004291921,-0.03050892,0.0004587555,0.9995252	air2	0,0,0	0,0,0	True	False
-4005.372,53.62353,-5094.359	-0.003777238,-0.03548304,0.000403742,0.9993631	air2	0,0,0	0,0,0	True	False
-4005.318,53.9024,-5091.235	-0.003324206,-0.03985984,0.0003553182,0.9991997	air2	0,0,0	0,0,0	True	False
-4005.266,54.17327,-5088.1	-0.002925462,-0.043711,0.0003126972,0.9990399	air2	0,0,0	0,0,0	True	False
-4005.215,54.43613,-5084.953	-0.002574516,-0.04709962,0.0002751853,0.9988869	air2	0,0,0	0,0,0	True	False
-4005.166,54.691,-5081.793	-0.002265649,-0.05008125,0.0002421711,0.9987425	air2	0,0,0	0,0,0	True	False
-4005.118,54.93787,-5078.623	-0.001993822,-0.05270478,0.000213116,0.9986081	air2	0,0,0	0,0,0	True	False
-4005.073,55.17674,-5075.439	-0.001754598,-0.05501323,0.0001875458,0.9984841	air2	0,0,0	0,0,0	True	False
-4005.029,55.40761,-5072.245	-0.00154407,-0.05704445,0.0001650428,0.9983705	air2	0,0,0	0,0,0	True	False
-4004.987,55.63048,-5069.038	-0.001358798,-0.05883174,0.0001452394,0.998267	air2	0,0,0	0,0,0	True	False
-4004.946,55.84534,-5065.819	-0.001195753,-0.06040442,0.0001278119,0.9981733	air2	0,0,0	0,0,0	True	False
-4004.908,56.05221,-5062.589	-0.00105227,-0.06178826,0.0001124752,0.9980887	air2	0,0,0	0,0,0	True	False
-4004.871,56.25108,-5059.347	-0.0009260029,-0.06300595,9.897876E-05,0.9980127	air2	0,0,0	0,0,0	True	False
-4004.836,56.44195,-5056.092	-0.000814886,-0.06407744,8.710168E-05,0.9979446	air2	0,0,0	0,0,0	True	False
-4004.802,56.62482,-5052.826	-0.0007171021,-0.06502029,7.664973E-05,0.9978837	air2	0,0,0	0,0,0	True	False
-4004.771,56.79969,-5049.548	-0.0006310515,-0.06584996,6.745194E-05,0.9978294	air2	0,0,0	0,0,0	True	False
-4004.74,56.96656,-5046.258	-0.0005553263,-0.06658002,5.935782E-05,0.9977809	air2	0,0,0	0,0,0	True	False
-4004.712,57.12542,-5042.957	-0.0004886879,-0.06722245,5.223496E-05,0.9977379	air2	0,0,0	0,0,0	True	False
-4004.686,57.27629,-5039.643	-0.0004300459,-0.06778777,4.596682E-05,0.9976997	air2	0,0,0	0,0,0	True	False
-4004.661,57.41916,-5036.318	-0.0003784407,-0.06828524,4.045084E-05,0.9976658	air2	0,0,0	0,0,0	True	False
-4004.637,57.55403,-5032.98	-0.0003330281,-0.06872299,3.559676E-05,0.9976357	air2	0,0,0	0,0,0	True	False
-4004.616,57.6809,-5029.631	-0.0002930649,-0.0691082,3.132517E-05,0.9976091	air2	0,0,0	0,0,0	True	False
-4004.596,57.79977,-5026.271	-0.0002578972,-0.06944718,2.756616E-05,0.9975856	air2	0,0,0	0,0,0	True	False
-4004.578,57.91064,-5022.897	-0.0002269496,-0.06974548,2.425823E-05,0.9975649	air2	0,0,0	0,0,0	True	False
-4004.562,58.0135,-5019.513	-0.0001997157,-0.07000797,2.134725E-05,0.9975464	air2	0,0,0	0,0,0	True	False
-4004.547,58.10837,-5016.116	-0.0001757499,-0.07023896,1.878558E-05,0.9975302	air2	0,0,0	0,0,0	True	False
-4004.534,58.19524,-5012.708	-0.0001546599,-0.07044222,1.653132E-05,0.9975159	air2	0,0,0	0,0,0	True	False
-4004.523,58.27411,-5009.287	-0.0001361007,-0.0706211,1.454756E-05,0.9975032	air2	0,0,0	0,0,0	True	False
-4004.513,58.34498,-5005.855	-0.0001197687,-0.0707785,1.280185E-05,0.9974921	air2	0,0,0	0,0,0	True	False
-4004.506,58.32502,-5002.46	-0.0001053964,-0.07091703,1.126563E-05,0.9974822	attack1	0,0,0	0,0,0	True	False
-4004.5,58.31702,-4999.042	-9.274887E-05,-0.07103892,9.913759E-06,0.9974735	attack1	0,0,0	0,0,0	True	False
-4004.496,58.30102,-4995.612	-8.161901E-05,-0.07114618,8.724109E-06,0.9974659	attack1	0,0,0	0,0,0	True	False
-4004.493,58.27702,-4992.17	5.539641E-05,-0.07124057,1.685235E-05,0.9974592	attack1	0,0,0	0,0,0	True	False
-4004.493,58.24502,-4988.716	0.0003023504,-0.07132364,3.311971E-05,0.9974532	attack1	0,0,0	0,0,0	True	False
-4004.494,58.20502,-4985.25	0.0006452167,-0.07139672,5.648937E-05,0.9974478	attack1	0,0,0	0,0,0	True	False
-4004.496,58.15702,-4981.772	0.001071661,-0.07146102,8.604959E-05,0.9974428	attack1	0,0,0	0,0,0	True	False
-4004.501,58.10102,-4978.283	0.00157084,-0.07151758,0.0001209987,0.9974381	attack1	0,0,0	0,0,0	True	False
-4004.507,58.03702,-4974.781	0.00213322,-0.07156731,0.0001606322,0.9974335	attack1	0,0,0	0,0,0	True	False
-4004.514,57.96502,-4971.268	0.002750426,-0.07161104,0.0002043305,0.9974288	attack1	0,0,0	0,0,0	True	False
-4004.523,57.88502,-4967.743	0.003415838,-0.07034382,0.0002406963,0.997517	attack1	0,0,0	0,0,0	True	False
-4004.531,57.79702,-4964.205	0.004124064,-0.06557267,0.0002459851,0.9978393	attack1	0,0,0	0,0,0	True	False
-4004.539,57.70102,-4960.656	0.00487086,-0.05771722,0.0002165168,0.9983211	attack1	0,0,0	0,0,0	True	False
-4004.546,57.59702,-4957.094	0.005656802,-0.04818977,0.0001607274,0.9988222	attack1	0,0,0	0,0,0	True	False
-4004.552,57.48502,-4953.521	0.006483471,-0.03875547,9.554056E-05,0.9992277	attack1	0,0,0	0,0,0	True	False
-4004.558,57.36502,-4949.936	0.007351036,-0.03044836,3.386518E-05,0.9995093	attack1	0,0,0	0,0,0	True	False
-4004.563,57.23702,-4946.338	0.008256393,-0.02313498,-2.476539E-05,0.9996983	attack1	0,0,0	0,0,0	True	False
-4004.567,57.10102,-4942.729	0.009194011,-0.01643578,-8.488564E-05,0.9998227	attack1	0,0,0	0,0,0	True	False
-4004.57,56.95702,-4939.108	0.01015866,-0.01080073,-0.0001378592,0.9998901	attack1	0,0,0	0,0,0	True	False
-4004.573,56.80502,-4935.475	0.01114595,-0.006102824,-0.0001838963,0.9999193	attack1	0,0,0	0,0,0	True	False
-4004.576,56.64502,-4931.83	0.01214989,-0.002491669,-0.000218026,0.9999231	attack1	0,0,0	0,0,0	True	False
-4004.578,56.47702,-4928.172	0.01316425,0.0001628545,-0.0002404125,0.9999133	attack1	0,0,0	0,0,0	True	False
-4004.579,56.30102,-4924.503	0.01418251,0.002498838,-0.0002625798,0.9998963	attack1	0,0,0	0,0,0	True	False
-4004.58,56.11702,-4920.822	0.01520007,0.004554479,-0.0002844727,0.9998741	attack1	0,0,0	0,0,0	True	False
-4004.581,55.92502,-4917.129	0.01621425,0.006101696,-0.0002998764,0.9998499	attack1	0,0,0	0,0,0	True	False
-4004.582,55.72502,-4913.424	0.01722336,0.006678076,-0.0002961245,0.9998294	attack1	0,0,0	0,0,0	True	False
-4004.583,55.51702,-4909.707	0.01822695,0.005876718,-0.0002605905,0.9998166	air2	0,0,0	0,0,0	True	False
-4004.584,55.30102,-4905.978	0.01922622,0.004386419,-0.000208467,0.9998055	air2	0,0,0	0,0,0	True	False
-4004.585,55.07702,-4902.236	0.01691968,0.00228937,-0.0001834575,0.9998543	air2	0,0,0	0,0,0	True	False
-4004.588,54.84502,-4898.483	0.01488992,-0.0003414018,-0.0001614491,0.9998891	air2	0,0,0	0,0,0	True	False
-4004.591,54.60502,-4894.718	0.01310383,-0.003703579,-0.0001420828,0.9999073	air2	0,0,0	0,0,0	True	False
-4004.596,54.35702,-4890.941	0.01153215,-0.007709249,-0.0001250413,0.9999038	air2	0,0,0	0,0,0	True	False
-4004.601,54.10102,-4887.152	0.01014914,-0.01228103,-0.0001100456,0.9998731	air2	0,0,0	0,0,0	True	False
-4004.608,53.83702,-4883.352	0.008932135,-0.0173508,-9.684977E-05,0.9998096	air2	0,0,0	0,0,0	True	False
-4004.617,53.56502,-4879.539	0.007861106,-0.02259692,-8.523677E-05,0.9997138	air2	0,0,0	0,0,0	True	False
-4004.628,53.28502,-4875.714	0.006918466,-0.02773644,-7.501587E-05,0.9995914	air2	0,0,0	0,0,0	True	False
-4004.64,52.99702,-4871.877	0.006088835,-0.03278202,-6.602031E-05,0.999444	air2	0,0,0	0,0,0	True	False
-4004.654,52.70102,-4868.029	0.00535862,-0.03748322,-5.81027E-05,0.9992829	air2	0,0,0	0,0,0	True	False
-4004.669,52.39702,-4864.168	0.004715928,-0.04188132,-5.113408E-05,0.9991115	air2	0,0,0	0,0,0	True	False
-4004.687,52.08502,-4860.296	0.00415025,-0.04575118,-4.500052E-05,0.9989442	air2	0,0,0	0,0,0	True	False
-4004.706,51.76502,-4856.413	0.003652379,-0.04915622,-3.960218E-05,0.9987844	air2	0,0,0	0,0,0	True	False
-4004.727,51.43702,-4852.517	0.003214202,-0.05215228,-3.485109E-05,0.998634	air2	0,0,0	0,0,0	True	False
-4004.75,51.10102,-4848.609	0.002828571,-0.05478848,-3.066976E-05,0.998494	air2	0,0,0	0,0,0	True	False
-4004.772,50.75702,-4844.701	0.002489182,-0.0568467,-2.698982E-05,0.9983798	air2	0,0,0	0,0,0	True	False
-4004.795,50.40502,-4840.793	0.002190508,-0.05865775,-2.375134E-05,0.9982758	air2	0,0,0	0,0,0	True	False
-4004.818,50.04502,-4836.886	0.001927665,-0.06025133,-2.090138E-05,0.9981814	air2	0,0,0	0,0,0	True	False
-4004.841,49.67702,-4832.978	0.001696358,-0.06165356,-1.839335E-05,0.9980962	air2	0,0,0	0,0,0	True	False
-4004.864,49.30102,-4829.058	0.001492804,-0.06288742,-1.618624E-05,0.9980195	air2	0,0,0	0,0,0	True	False
-4004.888,48.91702,-4825.126	0.001313706,-0.06005388,-1.424432E-05,0.9981943	air2	0,0,0	0,0,0	True	False
-4004.913,48.52502,-4821.183	0.001156141,-0.05573079,-1.253586E-05,0.9984452	air2	0,0,0	0,0,0	True	False
-4004.937,48.12502,-4817.227	0.001017512,-0.05035744,-1.103273E-05,0.9987308	air2	0,0,0	0,0,0	True	False
-4004.962,47.71702,-4813.271	0.0008955527,-0.04379792,-9.710339E-06,0.9990401	air2	0,0,0	0,0,0	True	False
-4004.986,47.30102,-4809.316	0.000788183,-0.03802326,-8.546146E-06,0.9992766	air2	0,0,0	0,0,0	True	False
-4005.01,46.87702,-4805.36	0.0006936669,-0.03294003,-7.521322E-06,0.9994571	air2	0,0,0	0,0,0	True	False
-4005.035,46.44502,-4801.405	0,0.03271886,0,0.9994646	dash	0,0,0	0,0,0	False	True
-4005.007,46.00502,-4796.651	0,0.03271886,0,0.9994646	dash	0,0,0	0,0,0	False	False
-4004.98,45.57273,-4792.066	0,0.03271886,0,0.9994646	dash	0,0,0	0,0,0	False	False
-4004.954,45.14719,-4787.639	0,-0.1878781,0,0.9821924	air_hook_r_just	-4024.027,0.5,-4736.084	-4024.308,0.5,-4738.901	False	False
-4004.939,44.78183,-4783.34	0,-0.1878781,0,0.9821924	air_hook_r_just	-4024.027,0.5,-4736.084	-4024.308,0.5,-4738.901	False	False
-4004.928,44.39665,-4779.029	0,-0.1878781,0,0.9821924	air_hook_r_just	-4024.027,0.5,-4736.084	-4024.308,0.5,-4738.901	False	False
-4004.924,43.99116,-4774.706	0.03402353,-0.2362203,0.008276502,0.9710684	attack1_hook_l1	-4024.027,0.5,-4736.084	-4024.308,0.5,-4738.901	True	False
-4004.924,43.56487,-4770.36	0.0328726,-0.2616008,0.008915325,0.964575	attack1_hook_l1	-4024.027,0.5,-4736.084	-4024.308,0.5,-4738.901	True	False
-4004.929,43.11726,-4765.993	0.03242236,-0.2923712,0.009918728,0.9557037	attack1_hook_l1	-4024.027,0.5,-4736.084	-4024.308,0.5,-4738.901	True	False
-4004.94,42.64782,-4761.604	0.03138686,-0.330088,0.01098242,0.9433643	attack1_hook_l1	-4024.027,0.5,-4736.084	-4024.308,0.5,-4738.901	True	False
-4004.957,42.15603,-4757.194	0.02955965,-0.3766499,0.01202589,0.9258059	attack1_hook_l1	-4024.027,0.5,-4736.084	-4024.308,0.5,-4738.901	True	False
-4004.98,41.64141,-4752.766	0.02669285,-0.4340935,0.01286922,0.9003804	attack1_hook_l1	-4024.027,0.5,-4736.084	-4024.308,0.5,-4738.901	True	False
-4005.009,41.10353,-4748.32	0.02253321,-0.5037974,0.01314779,0.8634278	attack1_hook_l1	-4024.027,0.5,-4736.084	-4024.308,0.5,-4738.901	True	False
-4005.045,40.54203,-4743.858	0.01695848,-0.5847394,0.01222797,0.8109518	attack1_hook_l1	-4024.027,0.5,-4736.084	-4024.308,0.5,-4738.901	True	False
-4005.088,39.95665,-4739.382	0.0102296,-0.6713016,0.009266708,0.7410558	attack1_hook_l1	-4024.027,0.5,-4736.084	-4024.308,0.5,-4738.901	True	False
-4005.139,39.34729,-4734.893	0.003178491,-0.7534445,0.003642342,0.6574937	attack1_hook_l1	-4024.027,0.5,-4736.084	-4024.308,0.5,-4738.901	True	False
-4005.196,38.714,-4730.393	-0.003054153,-0.8217294,-0.004404099,0.5698528	attack1_hook_l1	-4024.027,0.5,-4736.084	-4024.308,0.5,-4738.901	True	False
-4005.254,38.07243,-4725.891	-0.007554472,-0.8725038,-0.01349675,0.4883625	attack1_hook_l1	-4024.027,0.5,-4736.084	-4024.308,0.5,-4738.901	True	False
-4005.312,37.42258,-4721.387	-0.01023653,-0.9078823,-0.02220623,0.4185115	attack1_hook_l1	-4024.027,0.5,-4736.084	-4024.308,0.5,-4738.901	True	False
-4005.369,36.76445,-4716.881	-0.01023653,-0.9078823,-0.02220623,0.4185115	attack1_hook_l1	0,0,0	0,0,0	True	False
-4005.427,36.09832,-4712.363	-0.01023653,-0.9078823,-0.02220623,0.4185115	attack1_hook_l1	0,0,0	0,0,0	True	False
-4005.483,35.42418,-4707.833	-0.01374187,-0.8524945,-0.02083666,0.52214	attack1_hook_l1	0,0,0	0,0,0	True	False
-4005.54,34.74205,-4703.291	-0.01686784,-0.7904494,-0.0193049,0.6119906	attack1_hook_l1	0,0,0	0,0,0	True	False
-4005.596,34.05191,-4698.736	-0.0182335,-0.7250603,-0.01771314,0.688216	attack1_hook_l1	0,0,0	0,0,0	True	False
-4005.652,33.35378,-4694.17	-0.01807014,-0.6590819,-0.01612555,0.7516811	attack1_hook_l1	0,0,0	0,0,0	True	False
-4005.708,32.64764,-4689.592	-0.01663171,-0.5946146,-0.01459012,0.8037064	attack1_hook_l1	0,0,0	0,0,0	True	False
-4005.763,31.93351,-4685.002	-0.01416992,-0.5331313,-0.01313961,0.8458118	attack1_hook_l1	0,0,0	0,0,0	True	False
-4005.817,31.21137,-4680.4	-0.01091729,-0.4755664,-0.01179388,0.879533	attack1_hook_l1	0,0,0	0,0,0	True	False
-4005.872,30.48124,-4675.786	-0.007078484,-0.4224278,-0.01056277,0.9063074	attack1_hook_l1	0,0,0	0,0,0	True	False
-4005.926,29.7431,-4671.16	-0.002827377,-0.3739068,-0.009448788,0.9274139	attack1_hook_l1	0,0,0	0,0,0	True	False
-4005.979,28.99697,-4666.522	0.001692217,-0.3299728,-0.008449392,0.9439511	attack1_hook_l1	0,0,0	0,0,0	True	False
-4006.033,28.24283,-4661.872	0.006363908,-0.2904494,-0.007558839,0.9568393	attack1_hook_l1	0,0,0	0,0,0	True	False
-4006.086,27.4807,-4657.21	0.01109524,-0.2550717,-0.006769516,0.9668348	air2	0,0,0	0,0,0	True	False
-4006.138,26.71056,-4652.536	0.01581403,-0.2235273,-0.006072909,0.9745505	air2	0,0,0	0,0,0	True	False
-4006.19,25.93243,-4647.85	0.01395913,-0.1954706,-0.005360588,0.9805956	air2	0,0,0	0,0,0	True	False
-4006.242,25.14629,-4643.152	0.01231333,-0.1705875,-0.004728568,0.9852543	air2	0,0,0	0,0,0	True	False
-4006.294,24.35216,-4638.442	0.01085577,-0.1485587,-0.004168836,0.9888352	air2	0,0,0	0,0,0	True	False
-4006.345,23.55002,-4633.72	0.009566776,-0.129084,-0.003673836,0.9915807	air2	0,0,0	0,0,0	True	False
-4006.396,22.73989,-4628.986	0.008428118,-0.1118856,-0.003236568,0.9936801	air2	0,0,0	0,0,0	True	False
-4006.446,21.92175,-4624.24	0.007423131,-0.09671005,-0.002850633,0.9952809	air2	0,0,0	0,0,0	True	False
-4006.496,21.09562,-4619.482	0.006536547,-0.08358773,-0.002510166,0.9964759	air2	0,0,0	0,0,0	True	False
-4006.546,20.26149,-4614.712	0.005754894,-0.07228258,-0.002209996,0.9973652	air2	0,0,0	0,0,0	True	False
-4006.596,19.41935,-4609.93	0.005065981,-0.06284408,-0.001945439,0.9980086	air2	0,0,0	0,0,0	True	False
-4006.646,18.56922,-4605.136	0.004458817,-0.05609769,-0.001712276,0.9984139	air2	0,0,0	0,0,0	True	False
-4006.698,17.71108,-4600.33	0.003924008,-0.05198705,-0.001506898,0.9986389	air2	0,0,0	0,0,0	True	False
-4006.751,16.84495,-4595.512	0.00345316,-0.05046025,-0.001326083,0.9987192	air2	0,0,0	0,0,0	True	False
-4006.805,15.97081,-4590.683	0.003038783,-0.05042395,-0.001166954,0.9987226	air2	0,0,0	0,0,0	True	False
-4006.86,15.08868,-4585.841	0.002674131,-0.05065344,-0.00102692,0.9987122	air2	0,0,0	0,0,0	True	False
-4006.917,14.19854,-4580.987	0.002353237,-0.05085538,-0.0009036903,0.9987029	air2	0,0,0	0,0,0	True	False
-4006.974,13.30041,-4576.122	0.002070849,-0.05103308,-0.0007952478,0.9986945	air2	0,0,0	0,0,0	True	False
-4007.033,12.39427,-4571.244	0.001822348,-0.05118946,-0.0006998184,0.9986871	air2	0,0,0	0,0,0	True	False
-4007.094,11.48014,-4566.354	0.001603667,-0.05132706,-0.0006158404,0.9986804	air2	0,0,0	0,0,0	True	False
-4007.155,10.558,-4561.453	0.001411227,-0.05144815,-0.0005419396,0.9986746	air2	0,0,0	0,0,0	True	False
-4007.218,9.627869,-4556.54	0.00124188,-0.05155471,-0.0004769069,0.9986693	air2	0,0,0	0,0,0	True	False
-4007.282,8.689734,-4551.614	0.001092854,-0.05164848,-0.0004196782,0.9986647	air2	0,0,0	0,0,0	True	False
-4007.347,7.743598,-4546.677	0.000961712,-0.05173099,-0.0003693169,0.9986606	air2	0,0,0	0,0,0	True	False
-4007.414,6.789462,-4541.728	0.0008463067,-0.0518036,-0.0003249989,0.9986569	air2	0,0,0	0,0,0	True	False
-4007.482,5.827327,-4536.767	0.00074475,-0.0518675,-0.000285999,0.9986537	air2	0,0,0	0,0,0	True	False
-4007.551,4.857192,-4531.794	0.0006553801,-0.05166229,-0.0002516792,0.9986644	air2	0,0,0	0,0,0	True	False
-4007.61,5.155406,-4527.575	0.000576735,-0.05122025,-0.0002214779,0.9986872	slide	0,0,0	0,0,0	False	False
-4007.669,5.215101,-4523.304	0.0004614602,-0.04238339,-0.0001772101,0.9991013	slide	0,0,0	0,0,0	True	False
-4007.73,5.22704,-4518.998	0.0004061119,-0.03814024,-0.0001559552,0.9992723	stand_levi	0,0,0	0,0,0	True	False
-4007.792,5.229427,-4514.679	0.0003573784,-0.03827459,-0.0001372406,0.9992672	air2	0,0,0	0,0,0	True	False
-4007.855,5.229904,-4510.351	0,0.0481999,0,0.9988377	air_hook_r_just	-3999.725,39.47392,-4429.957	-4000.081,39.12581,-4429.987	True	False
-4007.916,5.880926,-4505.979	0,0.0481999,0,0.9988377	air_hook_r_just	-3999.725,39.47392,-4429.957	-4000.081,39.12581,-4429.987	True	False
-4007.975,6.535069,-4501.578	0,0.0481999,0,0.9988377	air_hook_r_just	-3999.725,39.47392,-4429.957	-4000.081,39.12581,-4429.987	True	False
-4008.033,7.192572,-4497.149	-0.02099654,0.0481595,-0.001953351,0.9986171	air_hook_r_just	-3999.725,39.47392,-4429.957	-4000.081,39.12581,-4429.987	True	False
-4008.09,7.853695,-4492.692	-0.03949562,0.04853474,-0.003586786,0.9980339	air_hook_r_just	-3999.725,39.47392,-4429.957	-4000.081,39.12581,-4429.987	True	False
-4008.145,8.518732,-4488.208	-0.05578643,0.04933699,-0.004926078,0.9972109	air_hook_r_just	-3999.725,39.47392,-4429.957	-4000.081,39.12581,-4429.987	True	False
-4008.198,9.188012,-4483.696	-0.07012838,0.05058732,-0.005992119,0.9962364	air_hook_r_just	-3999.725,39.47392,-4429.957	-4000.081,39.12581,-4429.987	True	False
-4008.25,9.861907,-4479.156	-0.08275282,0.05231965,-0.006800571,0.9951726	air_hook_r_just	-3999.725,39.47392,-4429.957	-4000.081,39.12581,-4429.987	True	False
-4008.301,10.54084,-4474.59	-0.09386519,0.05458489,-0.007361432,0.9940602	air_hook_r_just	-3999.725,39.47392,-4429.957	-4000.081,39.12581,-4429.987	True	False
-4008.348,11.22528,-4469.997	-0.1036474,0.0574565,-0.007678373,0.9929235	air_hook_r_just	-3999.725,39.47392,-4429.957	-4000.081,39.12581,-4429.987	True	False
-4008.394,11.91578,-4465.377	-0.1122601,0.06103949,-0.007747509,0.9917721	air_hook_r_just	-3999.725,39.47392,-4429.957	-4000.081,39.12581,-4429.987	True	False
-4008.436,12.61297,-4460.731	-0.1198448,0.06548474,-0.007555473,0.9906018	air_hook_r_just	-3999.725,39.47392,-4429.957	-4000.081,39.12581,-4429.987	True	False
-4008.476,13.31756,-4456.061	-0.1265261,0.07101213,-0.007076124,0.9893929	air_hook_r_just	-3999.725,39.47392,-4429.957	-4000.081,39.12581,-4429.987	True	False
-4008.512,14.03037,-4451.366	-0.132413,0.07795004,-0.006265036,0.9881049	air_hook_r_just	-3999.725,39.47392,-4429.957	-4000.081,39.12581,-4429.987	True	False
-4008.544,14.75231,-4446.648	-0.1376009,0.08680778,-0.00504965,0.9866636	air_hook_r_just	-3999.725,39.47392,-4429.957	-4000.081,39.12581,-4429.987	True	False
-4008.572,15.48436,-4441.909	-0.1421721,0.0984123,-0.003311167,0.9849321	air_hook_r_just	-3999.725,39.47392,-4429.957	-4000.081,39.12581,-4429.987	True	False
-4008.594,16.22753,-4437.15	-0.1461975,0.1141846,-0.0008488529,0.9826431	air_hook_r_just	0,0,0	0,0,0	True	False
-4008.607,16.98667,-4432.372	-0.1497403,0.1367207,0.002694447,0.9792232	air_hook_r_just	0,0,0	0,0,0	True	False
-4008.621,17.73781,-4427.582	-0.1320787,0.1195451,0.002376643,0.9840013	air_hook_r_just	0,0,0	0,0,0	True	False
-4008.634,18.48095,-4422.779	-0.1164294,0.1051186,0.002095047,0.9876183	air_hook_r_just	0,0,0	0,0,0	True	False
-4008.648,19.21609,-4417.965	-0.1025896,0.0928854,0.001846012,0.9903758	air_hook_r_just	0,0,0	0,0,0	True	False
-4008.661,19.94323,-4413.138	-0.09036698,0.08234301,0.001626076,0.9924973	air_hook_r_just	0,0,0	0,0,0	True	False
-4008.674,20.66237,-4408.3	-0.07958167,0.07330131,0.001432004,0.9941286	air_hook_r_just	0,0,0	0,0,0	True	False
-4008.687,21.37351,-4403.449	-0.07007087,0.06558882,0.001260865,0.9953827	air_hook_r_just	0,0,0	0,0,0	True	False
-4008.7,22.07665,-4398.587	-0.06168897,0.05879067,0.00111004,0.9963619	air_hook_r_just	0,0,0	0,0,0	True	False
-4008.712,22.77179,-4393.712	-0.05430382,0.05306186,0.0009771505,0.9971131	air_hook_r_just	0,0,0	0,0,0	True	False
-4008.724,23.45893,-4388.826	-0.04779932,0.04801539,0.0008601076,0.9977019	air_hook_r_just	0,0,0	0,0,0	True	False
-4008.736,24.13806,-4383.928	-0.04207154,0.04357092,0.0007570413,0.9981638	air_hook_r_just	0,0,0	0,0,0	True	False
-4008.747,24.8092,-4379.017	-0.03702825,0.03991884,0.0006662915,0.9985164	air_hook_r_just	0,0,0	0,0,0	True	False
-4008.759,25.47234,-4374.095	-0.03258846,0.03670336,0.0005864013,0.9987946	air_hook_r_just	0,0,0	0,0,0	True	False
-4008.769,26.12748,-4369.16	-0.0286803,0.03387258,0.0005160773,0.9990145	air_hook_r_just	0,0,0	0,0,0	True	False
-4008.78,26.77462,-4364.214	-0.02524034,0.03138067,0.0004541781,0.9991887	air_hook_r_just	0,0,0	0,0,0	True	False
-4008.79,27.41376,-4359.255	-0.02221264,0.02918721,0.0003996973,0.9993271	air_hook_r_just	0,0,0	0,0,0	True	False
-4008.8,28.0449,-4354.285	-0.01954783,0.02751824,0.0003517464,0.9994301	air_hook_r_just	0,0,0	0,0,0	True	False
-4008.809,28.66804,-4349.303	-0.01720257,0.02604928,0.0003095455,0.9995126	air2	0,0,0	0,0,0	True	False
-4008.818,29.28318,-4344.309	-0.0151386,0.0247564,0.000272406,0.9995789	air2	0,0,0	0,0,0	True	False
-4008.827,29.89032,-4339.302	-0.01332219,0.02361853,0.0002397213,0.9996323	air2	0,0,0	0,0,0	True	False
-4008.835,30.48945,-4334.284	-0.01172366,0.02287883,0.0002109572,0.9996695	air2	0,0,0	0,0,0	True	False
-4008.843,31.08059,-4329.253	-0.01031691,0.02222783,0.0001856439,0.9996997	air2	0,0,0	0,0,0	True	False
-4008.85,31.66373,-4324.211	-0.009078937,0.02191663,0.0001633677,0.9997186	air2	0,0,0	0,0,0	False	False
-4008.858,32.23887,-4319.168	-0.007989502,0.02164275,0.0001437642,0.9997339	air2	0,0,0	0,0,0	False	False
-4008.865,32.80601,-4314.126	-0.007030786,0.02140171,0.000126513,0.9997463	air2	0,0,0	0,0,0	False	False
-4008.872,33.36515,-4309.083	-0.006187109,0.02118958,0.0001113317,0.9997563	air2	0,0,0	0,0,0	False	False
-4008.88,33.91629,-4304.041	-0.005444667,0.02126463,9.79721E-05,0.9997591	air2	0,0,0	0,0,0	False	False
-4008.887,34.45943,-4298.999	-0.004791314,0.02133067,8.621558E-05,0.999761	air2	0,0,0	0,0,0	False	False
-4008.894,34.99457,-4293.956	0,0.02915828,0,0.9995748	air_hook_r_just	0,0,0	-4005.65,5,-4238.401	False	False
-4008.901,35.54837,-4288.898	0,0.02915828,0,0.9995748	air_hook_r_just	0,0,0	-4005.65,5,-4238.401	False	False
-4008.906,36.08499,-4283.825	0,0.02915828,0,0.9995748	air_hook_r_just	0,0,0	-4005.65,5,-4238.401	False	False
-4008.91,36.60359,-4278.737	-0.0211577,0.02452146,-0.02541831,0.9991521	air_hook_r_just	0,0,0	-4005.65,5,-4238.401	False	False
-4008.914,37.10324,-4273.635	-0.03989909,0.02064792,-0.0485338,0.9978107	air_hook_r_just	0,0,0	-4005.65,5,-4238.401	False	False
-4008.916,37.58295,-4268.521	-0.05651415,0.01752827,-0.06969704,0.9958119	air_hook_r_just	0,0,0	-4005.65,5,-4238.401	False	False
-4008.916,38.04163,-4263.394	-0.07128186,0.0151851,-0.08924834,0.9933394	air_hook_r_just	0,0,0	-4005.65,5,-4238.401	False	False
-4008.916,38.47819,-4258.256	-0.084477,0.01369578,-0.107517,0.9905131	air_hook_r_just	0,0,0	-4005.65,5,-4238.401	False	False
-4008.913,38.8915,-4253.109	-0.09638757,0.01323761,-0.1248214,0.9873975	air_hook_r_just	0,0,0	-4005.65,5,-4238.401	False	False
-4008.91,39.28057,-4247.956	-0.107356,0.01419028,-0.1414689,0.984002	air_hook_r_just	0,0,0	-4005.65,5,-4238.401	False	False
-4008.904,39.64459,-4242.797	-0.1178947,0.01741296,-0.1577596,0.98026	air_hook_r_just	0,0,0	-4005.65,5,-4238.401	False	False
-4008.897,39.98305,-4237.637	-0.1291065,0.02519273,-0.1740067,0.9759193	air_hook_r_just	0,0,0	-4005.65,5,-4238.401	False	False
-4008.889,40.28227,-4232.683	-0.1443096,0.04690346,-0.1869781,0.9705741	air_hook_r_just	0,0,0	-4005.65,5,-4238.401	False	False
-4008.879,40.54404,-4227.93	-0.1742037,0.1199192,-0.1828243,0.960129	air_hook_r_just	0,0,0	-4005.65,5,-4238.401	False	False
-4008.868,40.77036,-4223.373	-0.2082573,0.2160993,-0.1661768,0.9393164	air_hook_r_just	0,0,0	-4005.65,5,-4238.401	False	False
-4008.856,40.96329,-4219.004	-0.2390322,0.3092621,-0.1460813,0.9087799	air_hook_r_just	0,0,0	-4005.65,5,-4238.401	False	False
-4008.844,41.1249,-4214.818	-0.2655025,0.3944568,-0.1248978,0.8708116	air_hook_r_just	0,0,0	0,0,0	False	False
-4008.83,41.2572,-4210.81	-0.2876294,0.4702149,-0.1037536,0.8278904	air_hook_r_just	0,0,0	0,0,0	False	False
-4008.816,41.3815,-4206.802	-0.2575597,0.4237209,-0.09290687,0.8634188	air_hook_r_just	0,0,0	0,0,0	False	False
-4008.803,41.49781,-4202.793	-0.2297464,0.3808829,-0.08287404,0.8917829	air_hook_r_just	0,0,0	0,0,0	True	False
-4008.788,41.60611,-4198.773	-0.2042632,0.3426027,-0.07368177,0.914041	air_hook_r_just	0,0,0	0,0,0	True	False
-4008.771,41.70641,-4194.741	-0.1810814,0.3100474,-0.06531961,0.9310282	air_hook_r_just	0,0,0	0,0,0	True	False
-4008.75,41.79871,-4190.698	-0.1601142,0.2849182,-0.05775635,0.9433182	air_hook_r_just	0,0,0	0,0,0	True	False
-4008.725,41.88301,-4186.643	-0.1412872,0.2684226,-0.05096507,0.9515197	air_hook_r_just	0,0,0	0,0,0	True	False
-4008.693,41.95931,-4182.579	-0.1245046,0.2622911,-0.04491126,0.9558687	air_hook_r_just	0,0,0	0,0,0	True	False
-4008.653,42.02761,-4178.505	-0.1096683,0.2651501,-0.03955952,0.9571329	air_hook_r_just	0,0,0	0,0,0	True	False
-4008.605,42.08792,-4174.423	-0.09661281,0.2751642,-0.03485014,0.9558955	air_hook_r_just	0,0,0	0,0,0	True	False
-4008.547,42.14022,-4170.333	-0.08513971,0.2901646,-0.03071157,0.952687	air_hook_r_just	0,0,0	0,0,0	True	False
-4008.479,42.18452,-4166.237	-0.07505408,0.3084883,-0.02707348,0.947876	air_hook_r_just	0,0,0	0,0,0	True	False
-4008.402,42.22083,-4162.135	-0.06616747,0.3277053,-0.0238679,0.9421579	air_hook_r_just	0,0,0	0,0,0	True	False
-4008.314,42.24913,-4158.025	-0.05831953,0.3457254,-0.021037,0.9362854	air_hook_r_just	0,0,0	0,0,0	True	False
-4008.217,42.26943,-4153.909	-0.05138415,0.3614796,-0.01853527,0.9307785	air_hook_r_just	0,0,0	0,0,0	True	False
-4008.109,42.28173,-4149.787	-0.04526104,0.3752568,-0.01632654,0.9256712	air_hook_r_just	0,0,0	0,0,0	True	False
-4007.991,42.28603,-4145.657	-0.03985906,0.3873094,-0.01437794,0.9209756	air_hook_r_just	0,0,0	0,0,0	True	False
-4007.864,42.28234,-4141.521	-0.03509599,0.3978575,-0.01265981,0.9166883	air2_left	0,0,0	0,0,0	True	False
-4007.726,42.27064,-4137.379	-0.03089813,0.4070929,-0.01114556,0.912796	air2_left	0,0,0	0,0,0	True	False
-4007.578,42.25094,-4133.23	-0.02719966,0.4151822,-0.00981145,0.9092786	air2_left	0,0,0	0,0,0	True	False
-4007.42,42.22324,-4129.074	-0.02394205,0.4222707,-0.008636367,0.9061124	air2_left	0,0,0	0,0,0	True	False
-4007.253,42.18754,-4124.911	-0.02107255,0.4277754,-0.007601282,0.9036074	air2_left	0,0,0	0,0,0	True	False
-4007.079,42.14384,-4120.738	-0.01854434,0.4278786,-0.006689306,0.9036212	air2_left	0,0,0	0,0,0	True	False
-4006.898,42.09215,-4116.555	-0.0163255,0.4187242,-0.005888926,0.9079476	air2_left	0,0,0	0,0,0	True	False
-4006.714,42.03245,-4112.361	0,0.8020793,0,0.5972175	air_hook_l_just	-3964.72,42.5341,-4124.926	0,0,0	True	False
-4006.511,41.99588,-4108.16	0,0.8020793,0,0.5972175	air_hook_l_just	-3964.72,42.5341,-4124.926	0,0,0	True	False
-4006.309,41.95529,-4103.957	0,0.8020793,0,0.5972175	air_hook_l_just	-3964.72,42.5341,-4124.926	0,0,0	True	False
-4006.106,41.91068,-4099.751	-0.01723864,0.8108177,0.01433889,0.5848691	air_hook_l_just	-3964.72,42.5341,-4124.926	0,0,0	True	False
-4005.903,41.86205,-4095.544	-0.03175882,0.821185,0.02778733,0.5690997	air_hook_l_just	-3964.72,42.5341,-4124.926	0,0,0	True	False
-4005.7,41.8094,-4091.335	-0.04390017,0.8326483,0.04036826,0.5505815	air_hook_l_just	-3964.72,42.5341,-4124.926	0,0,0	True	False
-4005.498,41.75272,-4087.124	-0.0539713,0.8447239,0.05210378,0.5299188	air_hook_l_just	-3964.72,42.5341,-4124.926	0,0,0	True	False
-4005.294,41.69202,-4082.91	-0.06224913,0.8569967,0.06301656,0.5076521	air_hook_l_just	-3964.72,42.5341,-4124.926	0,0,0	True	False
-4005.091,41.62728,-4078.695	-0.06897978,0.8691299,0.07313155,0.484259	air_hook_l_just	-3964.72,42.5341,-4124.926	0,0,0	True	False
-4004.888,41.55852,-4074.478	-0.07438064,0.8808642,0.08247694,0.4601559	air_hook_l_just	-3964.72,42.5341,-4124.926	0,0,0	True	False
-4001.502,41.52505,-4071.952	-0.07864308,0.8920109,0.09108429,0.4357012	air_hook_l_just	-3964.72,42.5341,-4124.926	0,0,0	True	False
-3997.956,41.49191,-4069.652	-0.08256688,0.900324,0.09835345,0.4158438	air_hook_l_just	-3964.72,42.5341,-4124.926	0,0,0	True	False
-3994.265,41.45922,-4067.588	-0.08544167,0.9087792,0.1052038,0.3946548	air_hook_l_just	-3964.72,42.5341,-4124.926	0,0,0	True	False
-3990.445,41.42713,-4065.77	-0.08737809,0.9172373,0.1116671,0.3722516	air_hook_l_just	-3964.72,42.5341,-4124.926	0,0,0	True	False
-3986.512,41.39579,-4064.205	-0.08847371,0.9255715,0.1177701,0.3487408	air_hook_l_just	-3964.72,42.5341,-4124.926	0,0,0	True	False
-3982.577,41.36044,-4062.639	-0.08881462,0.9336664,0.1235354,0.3242193	air_hook_l_just	-3964.72,42.5341,-4124.926	0,0,0	True	False
-3978.64,41.32107,-4061.073	-0.08852392,0.941519,0.1290138,0.2984309	air_hook_l_just	0,0,0	0,0,0	True	False
-3974.705,41.2737,-4059.495	-0.08755945,0.9490038,0.1342267,0.2714929	air_hook_l_just	0,0,0	0,0,0	True	False
-3970.771,41.21833,-4057.905	-0.08424883,0.9068269,0.1291516,0.3922844	air_hook_l_just	0,0,0	0,0,0	True	False
-3966.837,41.15496,-4056.303	0,-0.3595475,0,0.9331268	air_hook_r_just	0,0,0	-4014.448,51.75945,-4003.694	True	False
-3962.917,41.20451,-4054.676	0,-0.3595475,0,0.9331268	air_hook_r_just	0,0,0	-4014.448,51.75945,-4003.694	True	False
-3958.995,41.2501,-4053.048	0,-0.3595475,0,0.9331268	air_hook_r_just	0,0,0	-4014.448,51.75945,-4003.694	True	False
-3955.071,41.2917,-4051.42	-0.02226724,-0.3719349,-0.002599919,0.9279881	air_hook_r_just	0,0,0	-4014.448,51.75945,-4003.694	True	False
-3951.146,41.32932,-4049.79	-0.04181795,-0.3857955,-0.005537504,0.9216195	air_hook_r_just	0,0,0	-4014.448,51.75945,-4003.694	True	False
-3947.218,41.36296,-4048.16	-0.05895535,-0.4007872,-0.008738675,0.9142306	air_hook_r_just	0,0,0	-4014.448,51.75945,-4003.694	True	False
-3943.288,41.39262,-4046.529	-0.07395226,-0.416601,-0.01213758,0.9059952	air_hook_r_just	0,0,0	-4014.448,51.75945,-4003.694	True	False
-3939.357,41.41829,-4044.898	-0.0870527,-0.4329627,-0.01567622,0.8970615	air_hook_r_just	0,0,0	-4014.448,51.75945,-4003.694	True	False
-3935.424,41.43997,-4043.265	-0.09847429,-0.4496332,-0.01930406,0.8875585	air_hook_r_just	0,0,0	-4014.448,51.75945,-4003.694	True	False
-3931.489,41.45766,-4041.632	-0.1084107,-0.4664079,-0.02297753,0.8776006	air_hook_r_just	0,0,0	-4014.448,51.75945,-4003.694	True	False
-3927.552,41.47137,-4039.998	-0.1170344,-0.4831142,-0.02665955,0.8672906	air_hook_r_just	0,0,0	-4014.448,51.75945,-4003.694	True	False
-3923.613,41.48108,-4038.364	-0.1244986,-0.4996096,-0.03031898,0.8567212	air_hook_r_just	0,0,0	-4014.448,51.75945,-4003.694	True	False
-3919.673,41.48679,-4036.728	-0.1309396,-0.5157789,-0.03393004,0.8459762	air_hook_r_just	0,0,0	-4014.448,51.75945,-4003.694	True	False
-3915.73,41.4885,-4035.092	-0.1364789,-0.5315312,-0.03747181,0.8351311	air_hook_r_just	0,0,0	-4014.448,51.75945,-4003.694	True	False
-3911.786,41.48622,-4033.455	-0.1412243,-0.5467967,-0.04092761,0.8242536	air_hook_r_just	0,0,0	-4014.448,51.75945,-4003.694	True	False
-3907.84,41.47993,-4031.817	-0.1452719,-0.5615243,-0.04428452,0.8134036	air_hook_r_just	0,0,0	-4014.448,51.75945,-4003.694	True	False
-3903.892,41.46964,-4030.179	-0.1487068,-0.5756784,-0.0475329,0.8026339	air_hook_r_just	0,0,0	-4014.448,51.75945,-4003.694	True	False
-3899.942,41.45535,-4028.539	-0.0007015455,-0.6276772,-0.0005656509,0.7784733	attack1_hook_l2	0,0,0	-4014.448,51.75945,-4003.694	True	False
-3895.99,41.43705,-4026.899	-0.001013073,-0.6355157,-0.0008338751,0.7720869	attack1_hook_l2	0,0,0	-4014.448,51.75945,-4003.694	True	False
-3892.037,41.41474,-4025.258	-0.001208561,-0.6428486,-0.001014269,0.7659917	attack1_hook_l2	0,0,0	-4014.448,51.75945,-4003.694	True	False
-3891.39,41.93171,-4021.057	-0.001666981,-0.6558524,-0.00144829,0.7548859	attack1_hook_l2	0,0,0	-4014.448,51.75945,-4003.694	True	False
-3890.889,42.45628,-4016.835	-0.00167976,-0.6686692,-0.001510583,0.7435566	attack1_hook_l2	0,0,0	-4014.448,51.75945,-4003.694	True	False
-3890.533,42.98786,-4012.598	-0.001686046,-0.6812941,-0.00156924,0.7320062	attack1_hook_l2	0,0,0	-4014.448,51.75945,-4003.694	True	False
-3890.325,43.52583,-4008.351	-0.001690015,-0.6937239,-0.001627802,0.7202372	attack1_hook_l2	0,0,0	-4014.448,51.75945,-4003.694	True	False
-3890.264,44.06956,-4004.098	-0.001690015,-0.6937239,-0.001627802,0.7202372	attack1_hook_l2	0,0,0	0,0,0	True	False
-3890.205,44.6053,-3999.833	-0.001690015,-0.6937239,-0.001627802,0.7202372	attack1_hook_l2	0,0,0	0,0,0	True	False
-3890.146,45.13304,-3995.556	-0.001645307,-0.632987,-0.00147706,0.7741593	attack1_hook_l2	0,0,0	0,0,0	True	False
-3890.089,45.65277,-3991.267	-0.001595316,-0.5748318,-0.001333228,0.818269	attack1_hook_l2	0,0,0	0,0,0	True	False
-3890.033,46.16451,-3986.967	-0.002310571,-0.5202006,-0.001235362,0.8540401	attack1_hook_l2	0,0,0	0,0,0	True	False
-3889.978,46.66825,-3982.654	-0.003601177,-0.4696245,-0.001175431,0.8828582	attack1_hook_l2	0,0,0	0,0,0	True	False
-3889.924,47.16399,-3978.329	-0.0053045,-0.423326,-0.001146006,0.9059612	attack1_hook_l2	0,0,0	0,0,0	True	False
-3889.871,47.65173,-3973.992	-0.007284628,-0.3813097,-0.001140449,0.924418	attack1_hook_l2	0,0,0	0,0,0	True	False
-3889.82,48.13147,-3969.644	-0.009430693,-0.3434349,-0.001153003,0.9391285	attack1_hook_l2	0,0,0	0,0,0	True	False
-3889.769,48.6032,-3965.283	-0.01165415,-0.309471,-0.001178789,0.9508368	attack1_hook_l2	0,0,0	0,0,0	True	False
-3889.72,49.06694,-3960.911	-0.01388569,-0.2791374,-0.001213752,0.96015	attack1_hook_l2	0,0,0	0,0,0	True	False
-3889.672,49.52267,-3956.526	-0.01607221,-0.2521317,-0.001254575,0.9675587	attack1_hook_l2	0,0,0	0,0,0	True	False
-3889.625,49.97041,-3952.13	-0.01817396,-0.2281478,-0.001298588,0.973456	attack1_hook_l2	0,0,0	0,0,0	True	False
-3889.579,50.41015,-3947.722	-0.02016213,-0.2068887,-0.001343674,0.9781558	attack1_hook_l2	0,0,0	0,0,0	True	False
-3889.534,50.84189,-3943.302	-0.02201671,-0.1880732,-0.001388184,0.9819072	attack1_hook_l2	0,0,0	0,0,0	True	False
-3889.491,51.26563,-3938.87	-0.02372469,-0.1714401,-0.001430857,0.9849078	attack1_hook_l2	0,0,0	0,0,0	True	False
-3889.448,51.68137,-3934.426	-0.0252786,-0.15675,-0.001470756,0.9873137	attack1_hook_l2	0,0,0	0,0,0	True	False
-3889.407,52.0891,-3929.969	-0.0266753,-0.1437853,-0.001507206,0.9892482	attack1_hook_l2	0,0,0	0,0,0	True	False
-3889.368,52.48884,-3925.502	-0.027915,-0.13235,-0.001539745,0.9908087	air2	0,0,0	0,0,0	True	False
-3889.332,52.88058,-3921.022	-0.02898312,-0.1264154,-0.001721983,0.9915524	air2	0,0,0	0,0,0	True	False
-3889.303,53.26432,-3916.533	-0.02550734,-0.1297703,-0.001515476,0.9912148	air2	0,0,0	0,0,0	True	False
-3889.282,53.64006,-3912.035	-0.02247205,-0.146938,-0.001335139,0.9888895	air2	0,0,0	0,0,0	True	False
-3889.272,54.00779,-3907.532	-0.01984555,-0.1773015,-0.00117909,0.9839558	air2	0,0,0	0,0,0	True	False
-3889.267,54.36753,-3903.017	-0.01758426,-0.2191028,-0.001044739,0.9755428	air2	0,0,0	0,0,0	True	False
-3889.268,54.71927,-3898.492	-0.01547441,-0.2195533,-0.0009193861,0.9754774	air2	0,0,0	0,0,0	True	False
-3889.266,55.06301,-3893.956	-0.01361838,-0.2232672,-0.0008091129,0.9746618	air2	0,0,0	0,0,0	True	False
-3889.26,55.39875,-3889.408	-0.01206744,-0.1812847,-0.0007169668,0.9833564	air2	0,0,0	0,0,0	True	False
-3889.252,55.72649,-3884.849	-0.01067673,-0.1438623,-0.0006343398,0.9895399	air2	0,0,0	0,0,0	True	False
-3889.24,56.04623,-3880.278	-0.009434963,-0.1106198,-0.0005605624,0.9938179	air2	0,0,0	0,0,0	True	False
-3889.224,56.35796,-3875.695	-0.008329825,-0.08116767,-0.0004949025,0.9966655	air2	0,0,0	0,0,0	True	False
-3889.206,56.6617,-3871.101	-0.007348781,-0.05512517,-0.0004366155,0.9984524	air2	0,0,0	0,0,0	True	False
-3889.184,56.95744,-3866.496	-0.006479609,-0.03213163,-0.0003849751,0.9994626	air2	0,0,0	0,0,0	True	False
-3889.159,57.24518,-3861.878	-0.005710725,-0.01185241,-0.0003392932,0.9999134	air2	0,0,0	0,0,0	True	False
-3889.131,57.52492,-3857.25	-0.005031361,0.006018377,-0.0002989299,0.9999692	air2	0,0,0	0,0,0	True	False
-3889.099,57.79666,-3852.609	-0.004431641,0.02175744,-0.0002632986,0.9997534	air2	0,0,0	0,0,0	True	False
-3889.064,58.06039,-3847.958	-0.003902501,0.03535261,-0.0002318606,0.9993672	air2	0,0,0	0,0,0	True	False
-3889.027,58.31613,-3843.294	-0.003435784,0.04653519,-0.0002041314,0.9989107	air2	0,0,0	0,0,0	True	False
-3888.988,58.31924,-3838.766	-0.003024513,0.05611373,-0.0001796964,0.9984198	air2	0,0,0	0,0,0	True	False
-3888.946,58.31524,-3834.225	-0.002662186,0.06401907,-0.0001581693,0.9979451	air2	0,0,0	0,0,0	True	False
-3888.91,58.30324,-3829.674	-0.002343111,0.07071284,-0.0001392121,0.997494	air2	0,0,0	0,0,0	True	False
-3888.885,58.28324,-3825.121	-0.002074776,0.0300926,-0.0001232694,0.999545	air2	0,0,0	0,0,0	True	False
-3888.873,58.25524,-3820.564	-0.001872304,-0.04881651,-0.0001112398,0.998806	air2	0,0,0	0,0,0	True	False
-3888.872,58.21924,-3816.005	0,-0.9322733,0,0.3617548	air_hook_l_just	-3913.551,57.30228,-3843.016	0,0,0	True	False
-3888.895,58.20191,-3811.456	0,-0.9322733,0,0.3617548	air_hook_l_just	-3913.551,57.30228,-3843.016	0,0,0	True	False
-3888.917,58.17657,-3806.905	0,-0.9322733,0,0.3617548	air_hook_l_just	-3913.551,57.30228,-3843.016	0,0,0	True	False
-3888.94,58.14322,-3802.352	-0.04531063,-0.9251485,0.0001872264,0.3768913	air_hook_l_just	-3913.551,57.30228,-3843.016	0,0,0	True	False
-3888.963,58.10185,-3797.797	-0.08532881,-0.9182954,-0.0009603252,0.3865897	air_hook_l_just	-3913.551,57.30228,-3843.016	0,0,0	True	False
-3888.986,58.05246,-3793.24	-0.1205368,-0.9119861,-0.003077733,0.3921005	air_hook_l_just	-3913.551,57.30228,-3843.016	0,0,0	True	False
-3889.009,57.99506,-3788.682	-0.1514358,-0.9063495,-0.005880194,0.3944152	air_hook_l_just	-3913.551,57.30228,-3843.016	0,0,0	True	False
-3889.032,57.92962,-3784.121	-0.178509,-0.9014258,-0.009148159,0.3943125	air_hook_l_just	-3913.551,57.30228,-3843.016	0,0,0	True	False
-3889.055,57.85616,-3779.558	-0.2022051,-0.8972027,-0.01271379,0.3924013	air_hook_l_just	-3913.551,57.30228,-3843.016	0,0,0	True	False
-3889.078,57.77467,-3774.993	-0.2229304,-0.893638,-0.0164497,0.3891563	air_hook_l_just	-3913.551,57.30228,-3843.016	0,0,0	True	False
-3889.19,57.67912,-3770.427	-0.2410482,-0.8906744,-0.02025999,0.3849473	air_hook_l_just	-3913.551,57.30228,-3843.016	0,0,0	True	False
-3893.553,57.32945,-3769.113	-0.2568757,-0.8882917,-0.0241165,0.3799621	air_hook_l_just	-3913.551,57.30228,-3843.016	0,0,0	True	False
-3897.989,56.97156,-3768.061	-0.2702676,-0.8891253,-0.03074141,0.368058	air_hook_l_just	-3913.551,57.30228,-3843.016	0,0,0	True	False
-3902.482,56.61072,-3767.277	-0.2817212,-0.8908451,-0.03789796,0.3543894	air_hook_l_just	-3913.551,57.30228,-3843.016	0,0,0	True	False
-3907.017,56.24823,-3766.763	-0.2914392,-0.893291,-0.04551379,0.3391504	air_hook_l_just	-3913.551,57.30228,-3843.016	0,0,0	True	False
-3911.576,55.88539,-3766.521	-0.2995974,-0.8963068,-0.05352389,0.3225072	air_hook_l_just	-3913.551,57.30228,-3843.016	0,0,0	True	False
-3916.137,55.51839,-3766.28	-0.3063481,-0.899744,-0.06186972,0.3046042	air_hook_l_just	0,0,0	0,0,0	True	False
-3920.703,55.14339,-3766.028	-0.3121825,-0.9032394,-0.07031766,0.2859301	air_hook_l_just	0,0,0	0,0,0	True	False
-3925.273,54.76039,-3765.764	-0.2921108,-0.8695124,-0.06579661,0.3927982	air_hook_l_just	0,0,0	0,0,0	True	False
-3929.847,54.36939,-3765.489	-0.2702254,-0.8281668,-0.06086702,0.4872507	air_hook_l_just	0,0,0	0,0,0	True	False
-3934.426,53.97039,-3765.203	-0.2475823,-0.7820756,-0.05576675,0.5691668	air_hook_l_just	0,0,0	0,0,0	True	False
-3939.009,53.56339,-3764.906	-0.2250662,-0.733541,-0.0506951,0.6392909	air_hook_l_just	0,0,0	0,0,0	True	False
-3943.596,53.14839,-3764.597	-0.2032858,-0.6844705,-0.04578916,0.6986261	air_hook_l_just	0,0,0	0,0,0	True	False
-3948.188,52.72539,-3764.277	0,0.2232695,0,0.9747568	air_hook_r_just	0,0,0	-3918.99,57.311,-3703.885	True	False
-3952.776,52.36182,-3763.93	0,0.2232695,0,0.9747568	air_hook_r_just	0,0,0	-3918.99,57.311,-3703.885	True	False
-3957.366,51.99409,-3763.583	0,0.2232695,0,0.9747568	air_hook_r_just	0,0,0	-3918.99,57.311,-3703.885	True	False
-3961.958,51.6222,-3763.236	-0.02583999,0.2084647,-0.03720849,0.9769802	air_hook_r_just	0,0,0	-3918.99,57.311,-3703.885	True	False
-3966.552,51.24615,-3762.888	-0.0496431,0.1978455,-0.06938747,0.9765132	air_hook_r_just	0,0,0	-3918.99,57.311,-3703.885	False	False
-3970.95,50.88256,-3762.541	-0.07150921,0.1908988,-0.09705559,0.9741788	air_hook_r_just	0,0,0	-3918.99,57.311,-3703.885	False	False
-3975.162,50.53097,-3762.194	-0.0915629,0.1871139,-0.1207277,0.9705821	air_hook_r_just	0,0,0	-3918.99,57.311,-3703.885	False	False
-3979.192,50.19092,-3761.848	-0.1099143,0.1859327,-0.14091,0.9661741	air_hook_r_just	0,0,0	-3918.99,57.311,-3703.885	False	False
-3983.049,49.86199,-3761.504	-0.126678,0.1868515,-0.1580651,0.9612776	air_hook_r_just	0,0,0	-3918.99,57.311,-3703.885	False	False
-3986.738,49.54374,-3761.162	-0.1419719,0.1894386,-0.1726037,0.9561198	air_hook_r_just	0,0,0	-3918.99,57.311,-3703.885	False	False
-3990.266,49.23578,-3760.823	-0.155389,0.1935453,-0.1850799,0.9508627	air_hook_r_just	0,0,0	-3918.99,57.311,-3703.885	False	False
-3993.639,48.9377,-3760.485	-0.1668677,0.1989442,-0.195894,0.9456226	air_hook_r_just	0,0,0	-3918.99,57.311,-3703.885	False	False
-3996.864,48.64912,-3760.151	-0.1766339,0.2053372,-0.2052933,0.9404742	air_hook_r_just	0,0,0	-3918.99,57.311,-3703.885	False	False
-3999.944,48.36969,-3759.819	-0.1848899,0.2124756,-0.2134878,0.935464	air_hook_r_just	0,0,0	-3918.99,57.311,-3703.885	False	False
-4002.887,48.09904,-3759.491	-0.1918162,0.2201527,-0.2206551,0.9306185	air_hook_r_just	0,0,0	-3918.99,57.311,-3703.885	False	False
-4005.698,47.83684,-3759.166	-0.1975734,0.2281981,-0.2269456,0.9259514	air_hook_r_just	0,0,0	-3918.99,57.311,-3703.885	False	False
-4008.381,47.58276,-3758.844	-0.2023047,0.236472,-0.2324869,0.9214682	air_hook_r_just	0,0,0	-3918.99,57.311,-3703.885	False	False
-4010.942,47.33648,-3758.526	-0.2061372,0.2448606,-0.237387,0.9171686	air_hook_r_just	0,0,0	-3918.99,57.311,-3703.885	False	False
-4013.385,47.0977,-3758.212	-0.2091838,0.2532721,-0.2417376,0.9130489	air_hook_r_just	0,0,0	-3918.99,57.311,-3703.885	False	False
-4015.715,46.86613,-3757.902	-0.2115448,0.261633,-0.2456163,0.9091037	air_hook_r_just	0,0,0	-3918.99,57.311,-3703.885	False	False
-4017.936,46.6415,-3757.595	-0.2133092,0.2698853,-0.2490893,0.9053262	air_hook_r_just	0,0,0	-3918.99,57.311,-3703.885	False	False
-4020.053,46.42353,-3757.292	-0.2145559,0.2779837,-0.2522128,0.9017092	air_hook_r_just	0,0,0	-3918.99,57.311,-3703.885	True	False
-4020.99,46.33585,-3755.357	-0.2153547,0.2858937,-0.2550346,0.8982453	air_hook_r_just	0,0,0	-3918.99,57.311,-3703.885	True	False
-4021.915,46.24586,-3753.403	-0.2162166,0.2994874,-0.2537114,0.8939732	air_hook_r_just	0,0,0	-3918.99,57.311,-3703.885	True	False
-4022.828,46.1536,-3751.429	-0.2173238,0.3122383,-0.2525285,0.8896668	air_hook_r_just	0,0,0	0,0,0	True	False
-4023.745,46.05333,-3749.444	-0.218663,0.324306,-0.2513326,0.8853497	air_hook_r_just	0,0,0	0,0,0	True	False
-4024.664,45.94507,-3747.448	-0.1960233,0.2726594,-0.2253104,0.9145856	air_hook_r_just	0,0,0	0,0,0	True	False
-4025.587,45.8288,-3745.44	-0.1749288,0.2269079,-0.2010642,0.9367422	air_hook_r_just	0,0,0	0,0,0	True	False
-4026.512,45.70454,-3743.42	-0.1555787,0.1865027,-0.1788231,0.9534329	air_hook_r_just	0,0,0	0,0,0	True	False
-4027.441,45.57227,-3741.388	-0.1380177,0.1509704,-0.1586384,0.9659156	air_hook_r_just	0,0,0	0,0,0	True	False
-4028.371,45.43201,-3739.345	-0.122191,0.1202534,-0.1404471,0.9751323	air_hook_r_just	0,0,0	0,0,0	True	False
-4029.304,45.28374,-3737.29	-0.1080007,0.09447438,-0.1241367,0.9818353	air_hook_r_just	0,0,0	0,0,0	True	False
-4030.237,45.12748,-3735.235	-0.09533667,0.07342848,-0.1095805,0.9866667	air_hook_r_just	0,0,0	0,0,0	True	False
-4031.169,44.96321,-3733.18	-0.08409902,0.05481223,-0.09666392,0.9902419	air_hook_r_just	0,0,0	0,0,0	True	False
-4032.102,44.79095,-3731.125	-0.07414584,0.03836957,-0.08522367,0.9928581	air2	0,0,0	0,0,0	True	False
-4033.034,44.61068,-3729.071	-0.06534315,0.02386286,-0.07510581,0.9947462	air2	0,0,0	0,0,0	True	False
-4033.967,44.42242,-3727.016	-0.05756672,0.0110748,-0.06616754,0.996085	air2	0,0,0	0,0,0	True	False
-4034.912,44.22615,-3724.962	-0.05070293,-0.0001913152,-0.05827825,0.997012	air2	0,0,0	0,0,0	True	False
-4035.868,44.02188,-3722.909	-0.04626559,-0.09246193,-0.05317795,0.9932182	air2	0,0,0	0,0,0	True	False
-4036.837,43.80962,-3720.857	-0.04187682,-0.1745096,-0.04813347,0.9825864	air2	0,0,0	0,0,0	True	False
-4037.817,43.58936,-3718.805	-0.03766481,-0.2466564,-0.04329216,0.9674026	air2	0,0,0	0,0,0	True	False
-4038.81,43.36109,-3716.755	-0.03371474,-0.3098776,-0.03875192,0.949388	air2	0,0,0	0,0,0	True	False
-4039.814,43.12482,-3714.705	-0.03006118,-0.3646752,-0.0345525,0.9300078	air2	0,0,0	0,0,0	True	False
-4040.83,42.88056,-3712.655	-0.02671622,-0.4114576,-0.03070779,0.9105196	air2	0,0,0	0,0,0	True	False
-4041.859,42.6283,-3710.603	-0.02367001,-0.4495986,-0.02720645,0.8925025	air2	0,0,0	0,0,0	True	False
-4042.899,42.36803,-3708.55	-0.02091422,-0.4786541,-0.02403894,0.8774252	air2	0,0,0	0,0,0	True	False
-4043.95,42.09977,-3706.491	-0.0184359,-0.4971729,-0.02119034,0.8671967	air2	0,0,0	0,0,0	True	False
-4045.011,41.8235,-3704.427	-0.01622997,-0.5056796,-0.01865483,0.862367	air2	0,0,0	0,0,0	True	False
-4046.083,41.53924,-3702.356	-0.0142829,-0.5047897,-0.01641685,0.8629681	air2	0,0,0	0,0,0	True	False
-4047.164,41.24697,-3700.278	-0.01257117,-0.4992482,-0.01444938,0.8662474	air2	0,0,0	0,0,0	True	False
-4048.253,40.9467,-3698.191	-0.01106618,-0.4913936,-0.01271954,0.8707744	air2	0,0,0	0,0,0	True	False
-4049.343,40.63844,-3696.092	-0.009742808,-0.4816996,-0.01119844,0.8762107	air2	0,0,0	0,0,0	True	False
-4050.433,40.32217,-3693.982	-0.008686023,-0.4299809,-0.009983768,0.902741	air2	0,0,0	0,0,0	True	False
-4051.522,39.99791,-3691.859	-0.007727389,-0.3812028,-0.008881908,0.9244165	air2	0,0,0	0,0,0	True	False
-4052.602,39.66565,-3689.728	-0.006858768,-0.3367682,-0.007883511,0.9415296	air2	0,0,0	0,0,0	True	False
-4053.674,39.32538,-3687.589	-0.006214052,-0.2563435,-0.007142469,0.9665394	air2	0,0,0	0,0,0	True	False
-4054.737,38.97712,-3685.442	-0.005595764,-0.182365,-0.006431805,0.983194	air2	0,0,0	0,0,0	True	False
-4055.792,38.62085,-3683.286	-0.005014379,-0.1151817,-0.005763557,0.9933151	air2	0,0,0	0,0,0	True	False
-4056.837,38.25658,-3681.122	-0.004476405,-0.0545268,-0.005145208,0.998489	air2	0,0,0	0,0,0	True	False
-4057.874,37.88432,-3678.95	-0.003983695,-0.0003781424,-0.004578883,0.9999815	air2	0,0,0	0,0,0	True	False
-4058.902,37.50406,-3676.77	-0.003536499,0.0476929,-0.004064874,0.9988475	air2	0,0,0	0,0,0	True	False
-4059.921,37.11579,-3674.581	-0.003133437,0.09019306,-0.003601593,0.9959129	air2	0,0,0	0,0,0	True	False
-4060.932,36.71952,-3672.384	-0.002772112,0.1276559,-0.003186283,0.9918095	air2	0,0,0	0,0,0	True	False
-4061.934,36.31526,-3670.179	-0.002449553,0.1606087,-0.002815532,0.9870111	air2	0,0,0	0,0,0	True	False
-4062.927,35.90299,-3667.966	-0.002162531,0.1895523,-0.002485627,0.9818651	air2_left	0,0,0	0,0,0	True	False
-4063.912,35.48273,-3665.745	-0.001907771,0.2149501,-0.002192804,0.9766207	air2_left	0,0,0	0,0,0	True	False
-4064.887,35.05446,-3663.515	-0.001682083,0.2372234,-0.001933397,0.9714518	air2_left	0,0,0	0,0,0	True	False
-4065.854,34.6182,-3661.277	-0.001482452,0.2567505,-0.001703939,0.9664751	air2_left	0,0,0	0,0,0	True	False
-4066.812,34.17393,-3659.031	-0.001306118,0.2741178,-0.00150126,0.9616941	air2_left	0,0,0	0,0,0	True	False
-4067.761,33.72167,-3656.777	-0.00115052,0.2898396,-0.001322415,0.9570737	air2_left	0,0,0	0,0,0	True	False
-4068.701,33.2614,-3654.515	-0.001013262,0.303869,-0.00116465,0.9527125	air2_left	0,0,0	0,0,