11.20548,-0.01993662,-579.2914	0,0.6668351,0,0.7452053	run	0,0,0	0,0,0	False	False
11.34365,-0.01993787,-579.1682	0,0.6199263,0,0.7846601	run	0,0,0	0,0,0	False	False
11.48182,-0.01993608,-579.0449	0,0.5805261,0,0.8142416	run	0,0,0	0,0,0	False	False
11.61999,-0.01993734,-578.9216	0,0.5478875,0,0.836552	run	0,0,0	0,0,0	False	False
11.75816,-0.01993865,-578.7983	0,0.5211056,0,0.8534922	run	0,0,0	0,0,0	False	False
11.76866,-0.01993531,-578.6134	0,0.4317788,0,0.9019795	run	0,0,0	0,0,0	False	False
11.77915,-0.01993495,-578.4285	0,0.3560359,0,0.9344723	run	0,0,0	0,0,0	False	False
11.78965,-0.01993465,-578.2437	0,0.2931295,0,0.9560728	run	0,0,0	0,0,0	False	False
11.80015,-0.01993436,-578.0588	0,0.2415706,0,0.9703833	run	0,0,0	0,0,0	False	False
11.81065,-0.01993406,-577.8739	0,0.1996692,0,0.9798634	jump	0,0,0	0,0,0	False	False
11.82115,-0.01993376,-577.689	0,0.1658019,0,0.9861591	jump	0,0,0	0,0,0	False	False
11.69783,-0.01993179,-577.5508	0,0.06277352,0,0.9980278	jump	0,0,0	0,0,0	False	False
11.57451,-0.01993293,-577.4127	0,-0.02135654,0,0.999772	jump	0,0,0	0,0,0	False	False
11.45119,-0.01993406,-577.2745	0,-0.08918635,0,0.996015	jump	0,0,0	0,0,0	False	False
11.32467,0.1320646,-577.1328	0,-0.1434806,0,0.9896532	jump	0,0,0	0,0,0	False	False
11.19815,0.4360633,-576.991	0,-0.1867746,0,0.9824029	air_rise	0,0,0	0,0,0	False	False
11.07163,0.732062,-576.8493	0,-0.2074618,0,0.9782431	air_rise	0,0,0	0,0,0	False	False
10.94512,1.020061,-576.7076	0,-0.2256131,0,0.974217	air_rise	0,0,0	0,0,0	False	False
10.8186,1.30006,-576.5659	0,-0.2415375,0,0.9703915	air_rise	0,0,0	0,0,0	False	False
10.69208,1.572058,-576.4241	0,-0.255508,0,0.9668069	air_rise	0,0,0	0,0,0	False	False
10.56557,1.836057,-576.2824	0,-0.2677654,0,0.9634842	air_rise	0,0,0	0,0,0	False	False
10.43905,2.092056,-576.1407	0,-0.2785211,0,0.9604301	air_rise	0,0,0	0,0,0	False	False
10.31253,2.340055,-575.999	0,-0.2879606,0,0.9576423	air_rise	0,0,0	0,0,0	False	False
10.18601,2.580053,-575.8572	0,-0.2962466,0,0.9551116	air_rise	0,0,0	0,0,0	False	False
10.0595,2.812052,-575.7155	0,-0.3035214,0,0.9528247	air_rise	0,0,0	0,0,0	False	False
9.932979,3.036051,-575.5738	0,-0.3099097,0,0.950766	air_rise	0,0,0	0,0,0	False	False
9.806461,3.252049,-575.4321	0,-0.3155206,0,0.9489188	air_rise	0,0,0	0,0,0	True	False
9.68078,3.460048,-575.2783	0,-0.3204496,0,0.9472656	air_rise	0,0,0	0,0,0	True	False
9.555937,3.660047,-575.1126	0,-0.2797193,0,0.9600818	air_rise	0,0,0	0,0,0	True	False
9.431931,3.852046,-574.9349	0,-0.2432597,0,0.9699612	air_rise	0,0,0	0,0,0	True	False
9.308762,4.036044,-574.7453	0,-0.2107531,0,0.9775394	air_rise	0,0,0	0,0,0	True	False
9.186429,4.212043,-574.5437	0,-0.1818597,0,0.9833245	air_rise	0,0,0	0,0,0	True	False
9.064934,4.380042,-574.3301	0,-0.1562388,0,0.9877193	air_rise	0,0,0	0,0,0	True	False
8.94438,4.54004,-574.1046	0,-0.1335611,0,0.9910406	air_rise	0,0,0	0,0,0	True	False
8.825081,4.692039,-573.8671	0,-0.1130013,0,0.9935949	air_rise	0,0,0	0,0,0	True	False
8.707762,4.836038,-573.6178	0,-0.09329569,0,0.9956385	air_rise	0,0,0	0,0,0	True	False
8.593498,4.972037,-573.3569	0,-0.0722817,0,0.9973843	air_rise	0,0,0	0,0,0	True	False
8.482793,5.100036,-573.0845	0,-0.04830723,0,0.9988325	air_rise	0,0,0	0,0,0	True	False
8.375746,5.220035,-572.8007	0,-0.02456553,0,0.9996982	air_rise	0,0,0	0,0,0	True	False
8.272358,5.332034,-572.5054	0,-0.003109391,0,0.9999952	air_rise	0,0,0	0,0,0	True	False
8.172628,5.436032,-572.1988	0,0.01579808,0,0.9998752	air_rise	0,0,0	0,0,0	True	False
8.076557,5.532031,-571.8807	0,0.03244897,0,0.9994734	air_rise	0,0,0	0,0,0	True	False
7.984144,5.62003,-571.5511	0,0.0471059,0,0.9988899	air_rise	0,0,0	0,0,0	True	False
7.89539,5.700029,-571.2102	0,0.06000352,0,0.9981982	air_rise	0,0,0	0,0,0	True	False
7.810293,5.772027,-570.8578	0,0.07135053,0,0.9974513	air_rise	0,0,0	0,0,0	True	False
7.728855,5.836026,-570.494	0,0.08133194,0,0.9966871	air_rise	0,0,0	0,0,0	True	False
7.651075,5.892025,-570.1188	0,0.09011134,0,0.9959317	air_rise	0,0,0	0,0,0	True	False
7.583964,5.940023,-569.738	0,0.09783312,0,0.9952028	air_rise	0,0,0	0,0,0	True	False
7.516852,5.980022,-569.3573	0,0.1501538,0,0.9886627	air_rise	0,0,0	0,0,0	True	False
7.449741,6.012021,-568.9766	0,0.1962291,0,0.9805581	air_rise	0,0,0	0,0,0	True	False
7.382629,6.03602,-568.5958	0,0.236679,0,0.971588	air_rise	0,0,0	0,0,0	True	False
7.315518,6.052018,-568.2151	0,0.2721153,0,0.9622647	air_rise	0,0,0	0,0,0	True	False
7.242912,6.060017,-567.8237	0,0.3031171,0,0.9529533	air_rise	0,0,0	0,0,0	True	False
7.164905,6.060016,-567.4216	0,0.2422199,0,0.9702214	air_fall	0,0,0	0,0,0	True	False
7.081496,6.052015,-567.0087	0,0.1876296,0,0.9822399	air_fall	0,0,0	0,0,0	True	False
6.993255,6.036014,-566.5849	0,0.1386468,0,0.9903419	air2	0,0,0	0,0,0	True	False
6.905014,6.012012,-566.1611	0,0.09793194,0,0.9951931	air2	0,0,0	0,0,0	True	False
6.816773,5.980011,-565.7372	0,0.0617894,0,0.9980893	air2	0,0,0	0,0,0	True	False
6.728532,5.94001,-565.3134	0,0.02979485,0,0.9995561	air2	0,0,0	0,0,0	True	False
6.640291,5.892009,-564.8896	0,0.08063389,0,-0.9967438	dash	0,0,0	0,0,0	False	True
6.423455,5.836008,-563.6762	0,0.08063389,0,-0.9967438	dash	0,0,0	0,0,0	False	False
6.214188,5.773961,-562.5051	0,0.08063389,0,-0.9967438	dash	0,0,0	0,0,0	False	False
6.01234,5.706114,-561.3756	0,0.08063389,0,-0.9967438	dash	0,0,0	0,0,0	False	False
5.817428,5.632599,-560.2849	0,0.08063389,0,-0.9967438	dash	0,0,0	0,0,0	False	False
5.629441,5.553696,-559.233	0,-0.2660236,0,0.9639665	air_hook_l_just	-22.29185,29.46015,-512.4977	0,0,0	False	False
5.439551,5.708666,-558.2031	0,-0.2660236,0,0.9639665	air_hook_l_just	-22.29185,29.46015,-512.4977	0,0,0	False	False
5.241233,5.866854,-557.1593	0,-0.2660236,0,0.9639665	air_hook_l_just	-22.29185,29.46015,-512.4977	0,0,0	False	False
5.034406,6.028333,-556.1017	-0.00947242,-0.2635589,0.01458577,0.9644865	air_hook_l_just	-22.29185,29.46015,-512.4977	0,0,0	False	False
4.818988,6.19318,-555.0305	-0.01794199,-0.2617064,0.02737841,0.9645923	air_hook_l_just	-22.29185,29.46015,-512.4977	0,0,0	False	False
4.594893,6.361473,-553.9456	-0.02552767,-0.2604228,0.03858852,0.9643854	air_hook_l_just	-22.29185,29.46015,-512.4977	0,0,0	False	False
4.362033,6.533295,-552.8472	-0.03233584,-0.259667,0.04840377,0.9639422	air_hook_l_just	-22.29185,29.46015,-512.4977	0,0,0	True	False
4.128878,6.708734,-551.7269	-0.0384612,-0.2594007,0.05699077,0.9633194	air_hook_l_just	-22.29185,29.46015,-512.4977	0,0,0	True	False
3.895586,6.887878,-550.5853	-0.04398785,-0.2595892,0.06449699,0.9625584	air_hook_l_just	-22.29185,29.46015,-512.4977	0,0,0	True	False
3.662231,7.070825,-549.4225	-0.04905601,-0.2601488,0.07118572,0.9616905	air_hook_l_just	-22.29185,29.46015,-512.4977	0,0,0	True	False
3.428808,7.257671,-548.2388	-0.05372541,-0.2610722,0.07715594,0.9607299	air_hook_l_just	-22.29185,29.46015,-512.4977	0,0,0	True	False
3.195272,7.448521,-547.0345	-0.05804965,-0.262355,0.08249436,0.9596847	air_hook_l_just	-22.29185,29.46015,-512.4977	0,0,0	True	False
2.961602,7.643483,-545.8099	-0.06207699,-0.2639961,0.08727688,0.9585589	air_hook_l_just	-22.29185,29.46015,-512.4977	0,0,0	True	False
2.727867,7.842672,-544.5654	-0.06585088,-0.2659971,0.0915703,0.9573526	air_hook_l_just	-22.29185,29.46015,-512.4977	0,0,0	True	False
2.494153,8.046204,-543.3013	-0.0694103,-0.2683625,0.095434,0.9560629	air_hook_l_just	-22.29185,29.46015,-512.4977	0,0,0	True	False
2.260469,8.254202,-542.0182	-0.07279012,-0.2710996,0.09892151,0.9546838	air_hook_l_just	-22.29185,29.46015,-512.4977	0,0,0	True	False
2.026782,8.466795,-540.7165	-0.07602198,-0.2742186,0.1020805,0.9532074	air_hook_l_just	0,0,0	0,0,0	True	False
1.785377,8.680116,-539.3912	-0.07913546,-0.2777333,0.1049526,0.9516232	air_hook_l_just	0,0,0	0,0,0	True	False
1.546365,8.885437,-538.0542	-0.07024255,-0.2343961,0.09315847,0.9651145	air_hook_l_just	0,0,0	0,0,0	True	False
1.309745,9.082758,-536.7054	-0.06223033,-0.195556,0.08253234,0.97523	air_hook_l_just	0,0,0	0,0,0	True	False
1.075569,9.272079,-535.3448	-0.05504986,-0.1609061,0.0730093,0.982725	air_hook_l_just	0,0,0	0,0,0	True	False
0.8440406,9.4534,-533.9726	-0.04864414,-0.1298489,0.0645138,0.9882363	air_hook_l_just	0,0,0	0,0,0	True	False
0.6153139,9.62672,-532.5887	-0.04295358,-0.1012888,0.05696673,0.9922955	air_hook_l_just	0,0,0	0,0,0	True	False
0.3894904,9.792042,-531.1931	-0.03790533,-0.07524043,0.05027154,0.9951758	air_hook_l_just	0,0,0	0,0,0	True	False
0.1666714,9.949363,-529.7859	-0.03343236,-0.05170429,0.04433932,0.9971173	air_hook_l_just	0,0,0	0,0,0	True	False
-0.05309239,10.09868,-528.3672	-0.02947463,-0.03041176,0.03909041,0.9983378	air_hook_l_just	0,0,0	0,0,0	True	False
-0.2698009,10.24001,-526.9368	-0.02597562,-0.01137542,0.03444989,0.9990041	air_hook_l_just	0,0,0	0,0,0	True	False
-0.4865095,10.37333,-525.5065	-0.02288447,0.005399298,0.03035028,0.9992628	air_hook_l_just	0,0,0	0,0,0	True	False
-0.703218,10.49865,-524.0761	-0.02015603,0.02017265,0.02673172,0.9992358	air_hook_l_just	0,0,0	0,0,0	True	False
-0.9199265,10.61597,-522.6458	-0.01774938,0.03317805,0.02353993,0.9990146	air_hook_l_just	0,0,0	0,0,0	True	False
-1.136635,10.72529,-521.2154	-0.0156277,0.04462377,0.02072606,0.9986666	air_hook_l_just	0,0,0	0,0,0	True	False
-1.353344,10.82661,-519.785	-0.01375799,0.05469481,0.01824639,0.9982416	air_hook_l_just	0,0,0	0,0,0	True	False
-1.566997,10.91993,-518.343	-0.01211086,0.0635551,0.01606191,0.9977756	air_hook_l_just	0,0,0	0,0,0	True	False
-1.777595,11.00525,-516.8894	-0.01066017,0.07134952,0.01413794,0.9972942	air_hook_l_just	0,0,0	0,0,0	True	False
-1.985341,11.08257,-515.4241	-0.009382734,0.07820598,0.01244375,0.9968154	air2	0,0,0	0,0,0	True	False
-2.193087,11.1519,-513.9589	-0.00825767,0.0831944,0.01095165,0.996439	air2	0,0,0	0,0,0	True	False
-2.400833,11.21322,-512.4936	-0.007267338,0.08758261,0.00963823,0.9960842	air2	0,0,0	0,0,0	True	False
-2.608578,11.26654,-511.0284	-0.006395658,0.09144288,0.008482174,0.9957537	air2	0,0,0	0,0,0	True	False
-2.816324,11.31186,-509.5631	0,0.01527111,0,0.9998834	dash	0,0,0	0,0,0	False	True
-2.999639,11.34918,-507.2982	0,0.01527111,0,0.9998834	dash	0,0,0	0,0,0	False	False
-3.182954,11.3785,-505.0333	0,0.2307018,0,0.9730245	air_hook_r_just	0,0,0	18.36805,27.08573,-462.1407	False	False
-3.354417,11.56543,-502.8061	0,0.2307018,0,0.9730245	air_hook_r_just	0,0,0	18.36805,27.08573,-462.1407	False	False
-3.517942,11.75402,-500.5639	0,0.2307018,0,0.9730245	air_hook_r_just	0,0,0	18.36805,27.08573,-462.1407	False	False
-3.673153,11.94445,-498.3072	-0.01594717,0.2267434,-0.01868722,0.9736447	air_hook_r_just	0,0,0	18.36805,27.08573,-462.1407	False	False
-3.819652,12.13685,-496.0362	-0.03035374,0.2245207,-0.03518617,0.9733607	air_hook_r_just	0,0,0	18.36805,27.08573,-462.1407	False	False
-3.957017,12.33141,-493.7512	-0.04342235,0.223974,-0.04974963,0.9723554	air_hook_r_just	0,0,0	18.36805,27.08573,-462.1407	True	False
-4.084694,12.5283,-491.4407	-0.05534108,0.225056,-0.06260663,0.9707562	air_hook_r_just	0,0,0	18.36805,27.08573,-462.1407	True	False
-4.202208,12.72772,-489.105	-0.06628414,0.227734,-0.07396284,0.968645	air_hook_r_just	0,0,0	18.36805,27.08573,-462.1407	True	False
-4.309052,12.92986,-486.7447	-0.07647541,0.2319898,-0.08398763,0.9660633	air_hook_r_just	0,0,0	18.36805,27.08573,-462.1407	True	False
-4.404696,13.13492,-484.3604	-0.08606139,0.2378355,-0.09284405,0.9630201	air_hook_r_just	0,0,0	18.36805,27.08573,-462.1407	True	False
-4.488581,13.34312,-481.9527	-0.09518195,0.2453016,-0.1006758,0.9594957	air_hook_r_just	0,0,0	18.36805,27.08573,-462.1407	True	False
-4.560131,13.55467,-479.5224	-0.1039728,0.2544367,-0.1076086,0.9554434	air_hook_r_just	0,0,0	18.36805,27.08573,-462.1407	True	False
-4.618913,13.76979,-477.0704	-0.1125678,0.2653048,-0.1137513,0.9507905	air_hook_r_just	0,0,0	18.36805,27.08573,-462.1407	True	False
-4.664703,13.98868,-474.5977	-0.1211012,0.2779808,-0.1191962,0.9454383	air_hook_r_just	0,0,0	18.36805,27.08573,-462.1407	True	False
-4.697136,14.21152,-472.1054	-0.1297094,0.2925424,-0.12402,0.9392622	air_hook_r_just	0,0,0	18.36805,27.08573,-462.1407	True	False
-4.715045,14.43847,-469.6068	-0.138531,0.3090581,-0.1282835,0.9321135	air_hook_r_just	0,0,0	18.36805,27.08573,-462.1407	True	False
-4.717955,14.66964,-467.1035	-0.1477036,0.3275715,-0.1320272,0.9238232	air_hook_r_just	0,0,0	0,0,0	True	False
-4.705481,14.90108,-464.5967	-0.1572951,0.3480786,-0.1352938,0.9142184	air_hook_r_just	0,0,0	0,0,0	True	False
-4.693007,15.12452,-462.09	-0.1390323,0.3722732,-0.1195855,0.9098253	air_hook_r_just	0,0,0	0,0,0	True	False
-4.680533,15.33996,-459.5833	-0.1227689,0.3932709,-0.1055969,0.9050497	air_hook_r_just	0,0,0	0,0,0	True	False
-4.668059,15.5474,-457.0766	-0.1083248,0.4114965,-0.09317312,0.9001418	air_hook_r_just	0,0,0	0,0,0	True	False
-4.655585,15.74684,-454.5699	-0.09552298,0.4273226,-0.08216194,0.8952766	air_hook_r_just	0,0,0	0,0,0	True	False
-4.643111,15.93828,-452.0632	-0.08419504,0.4410737,-0.07241847,0.8905733	air_hook_r_just	0,0,0	0,0,0	True	False
-4.630637,16.12173,-449.5565	-0.07418374,0.453031,-0.06380747,0.8861085	air_hook_r_just	0,0,0	0,0,0	True	False
-4.618163,16.29716,-447.0497	-0.06534458,0.4634369,-0.05620467,0.8819282	air_hook_r_just	0,0,0	0,0,0	True	False
-4.605689,16.46461,-444.543	-0.05754615,0.4725006,-0.04949703,0.8780556	air_hook_r_just	0,0,0	0,0,0	True	False
-4.593215,16.62405,-442.0363	-0.05066991,0.4804018,-0.04358258,0.8744983	air_hook_r_just	0,0,0	0,0,0	True	False
-4.58074,16.77549,-439.5296	-0.04460949,0.4872954,-0.03836985,0.8712525	air_hook_r_just	0,0,0	0,0,0	True	False
-4.568266,16.91893,-437.0229	-0.03926998,0.4933147,-0.03377719,0.8683074	air_hook_r_just	0,0,0	0,0,0	True	False
-4.555792,17.05437,-434.5162	-0.03456687,0.4985746,-0.02973192,0.865647	air_hook_r_just	0,0,0	0,0,0	True	False
-4.543318,17.18181,-432.0095	-0.03042518,0.5031739,-0.02616953,0.8632528	air_hook_r_just	0,0,0	0,0,0	True	False
-4.530844,17.30125,-429.5027	-0.02677848,0.5071985,-0.02303291,0.8611052	air_hook_r_just	0,0,0	0,0,0	True	False
-4.51837,17.41269,-426.996	-0.023568,0.5107221,-0.02027149,0.8591837	air_hook_r_just	0,0,0	0,0,0	True	False
-4.505896,17.51613,-424.4893	-0.02074185,0.5138087,-0.01784063,0.8574684	air_hook_r_just	0,0,0	0,0,0	True	False
-4.493422,17.61157,-421.9826	-0.01825419,0.516514,-0.01570093,0.8559402	air2_left	0,0,0	0,0,0	True	False
-4.480948,17.69901,-419.4759	-0.01606462,0.518886,-0.01381762,0.8545808	air2_left	0,0,0	0,0,0	True	False
-4.468474,17.77845,-416.9692	-0.0141375,0.5209667,-0.01216005,0.8533733	air2_left	0,0,0	0,0,0	True	False
-4.456,17.84989,-414.4625	-0.01244143,0.5227925,-0.01070122,0.852302	air2_left	0,0,0	0,0,0	True	False
-4.445713,17.91333,-411.944	-0.01094876,0.5243952,-0.009417324,0.8513526	air2_left	0,0,0	0,0,0	True	False
-4.437613,17.96877,-409.4137	-0.009845297,0.4603245,-0.008468208,0.8876557	air2_left	0,0,0	0,0,0	True	False
-4.431699,18.01621,-406.8716	-0.008812319,0.4008585,-0.007579716,0.9160663	air2_left	0,0,0	0,0,0	True	False
-4.427973,18.05565,-404.3177	-0.007858814,0.3463577,-0.00675958,0.9380453	air2	0,0,0	0,0,0	True	False
-4.424246,18.08709,-401.7638	-0.006988141,0.2968898,-0.006010691,0.9548673	air2	0,0,0	0,0,0	True	False
-4.42052,18.11053,-399.2099	-0.006199723,0.2523243,-0.005332551,0.9676082	air2	0,0,0	0,0,0	True	False
-4.416793,18.12597,-396.656	0,0.09150149,0,-0.995805	dash	0,0,0	0,0,0	False	True
-4.558855,18.13341,-393.3155	0,0.09150149,0,-0.995805	dash	0,0,0	0,0,0	False	False
-4.700917,18.13285,-389.975	0,0.09150149,0,-0.995805	dash	0,0,0	0,0,0	False	False
-4.838229,18.12431,-386.7462	0,0.09150149,0,-0.995805	dash	0,0,0	0,0,0	False	False
-4.970748,18.10807,-383.63	0,0.09150149,0,-0.995805	dash	0,0,0	0,0,0	False	False
-5.098464,18.08441,-380.6269	0,0.09150149,0,-0.995805	dash	0,0,0	0,0,0	False	False
-5.221838,18.05356,-377.7258	0,-0.1345519,0,0.9909066	air_hook_l_just	-21.84136,30.57308,-317.657	0,0,0	False	False
-5.345606,18.15373,-374.908	0,-0.1345519,0,0.9909066	air_hook_l_just	-21.84136,30.57308,-317.657	0,0,0	False	False
-5.474193,18.25352,-372.0734	0,-0.1345519,0,0.9909066	air_hook_l_just	-21.84136,30.57308,-317.657	0,0,0	False	False
-5.607784,18.35308,-369.2222	-0.01684088,-0.1314837,0.01646863,0.9910385	air_hook_l_just	-21.84136,30.57308,-317.657	0,0,0	False	False
-5.746582,18.45256,-366.3544	-0.03185887,-0.1293144,0.03094984,0.9906083	air_hook_l_just	-21.84136,30.57308,-317.657	0,0,0	False	False
-5.89081,18.55213,-363.4702	-0.04527128,-0.1280137,0.04366813,0.9897758	air_hook_l_just	-21.84136,30.57308,-317.657	0,0,0	False	False
-6.040711,18.65197,-360.5697	-0.05727584,-0.1275605,0.05482553,0.9886566	air_hook_l_just	-21.84136,30.57308,-317.657	0,0,0	True	False
-6.195771,18.7523,-357.6411	-0.06805169,-0.1279452,0.06460242,0.9873326	air_hook_l_just	-21.84136,30.57308,-317.657	0,0,0	True	False
-6.35332,18.85335,-354.6852	-0.07776093,-0.1291722,0.07315885,0.9858578	air_hook_l_just	-21.84136,30.57308,-317.657	0,0,0	True	False
-6.510315,18.95538,-351.7038	-0.08661409,-0.1312532,0.08064082,0.98426	air_hook_l_just	-21.84136,30.57308,-317.657	0,0,0	True	False
-6.664603,19.05869,-348.6999	-0.09473793,-0.134234,0.08718676,0.98255	air_hook_l_just	-21.84136,30.57308,-317.657	0,0,0	True	False
-6.815232,19.16362,-345.6762	-0.1022461,-0.1381921,0.09292045,0.9807214	air_hook_l_just	-21.84136,30.57308,-317.657	0,0,0	True	False
-6.973769,19.27056,-342.6378	-0.1092446,-0.1432443,0.09794649,0.9787508	air_hook_l_just	-21.84136,30.57308,-317.657	0,0,0	True	False
-7.140781,19.37994,-339.5851	-0.1158405,-0.1495546,0.1023513,0.9765955	air_hook_l_just	-21.84136,30.57308,-317.657	0,0,0	True	False
-7.316906,19.49225,-336.5188	-0.1221246,-0.1573596,0.1061467,0.9741952	air_hook_l_just	-21.84136,30.57308,-317.657	0,0,0	True	False
-7.502866,19.60807,-333.4397	-0.01356786,-0.3604055,-0.005242871,0.9326823	attack1_hook_l2	-21.84136,30.57308,-317.657	0,0,0	True	False
-7.699456,19.72802,-330.3489	-0.01356786,-0.3604055,-0.005242871,0.9326823	attack1_hook_l2	0,0,0	0,0,0	True	False
-7.907537,19.84879,-327.2479	-0.01356786,-0.3604055,-0.005242871,0.9326823	attack1_hook_l2	0,0,0	0,0,0	True	False
-8.115618,19.96155,-324.1468	-0.01317715,-0.3604077,-0.005091892,0.9326879	attack1_hook_l2	0,0,0	0,0,0	True	False
-8.323699,20.06631,-321.0457	-0.01284207,-0.3604095,-0.004962412,0.9326926	attack1_hook_l2	0,0,0	0,0,0	True	False
-8.53178,20.16307,-317.9446	-0.01246471,-0.3604115,-0.004816593,0.9326977	attack1_hook_l2	0,0,0	0,0,0	True	False
-8.739861,20.25183,-314.8436	-0.01205012,-0.3604136,-0.004656387,0.9327031	attack1_hook_l2	0,0,0	0,0,0	True	False
-8.946324,20.3326,-311.7306	-0.01160275,-0.3604158,-0.004483517,0.9327088	attack1_hook_l2	0,0,0	0,0,0	True	False
-9.150292,20.40536,-308.6059	-0.01130271,-0.3121614,-0.003918094,0.9499538	attack1_hook_l2	0,0,0	0,0,0	True	False
-9.350802,20.47012,-305.4697	-0.01093287,-0.2646246,-0.003386501,0.9642836	attack1_hook_l2	0,0,0	0,0,0	True	False
-9.547306,20.52688,-302.3222	-0.01059485,-0.2173399,-0.002876498,0.9760343	attack1_hook_l2	0,0,0	0,0,0	True	False
-9.739461,20.57565,-299.1635	-0.01025738,-0.1723046,-0.002403895,0.9849874	attack1_hook_l2	0,0,0	0,0,0	True	False
-9.926975,20.61641,-295.9937	-0.009900641,-0.1303819,-0.001977291,0.9914125	attack1_hook_l2	0,0,0	0,0,0	True	False
-10.10985,20.64917,-292.8129	-0.009508197,-0.09159018,-0.00159994,0.9957501	attack1_hook_l2	0,0,0	0,0,0	True	False
-10.28808,20.67393,-289.621	-0.009065065,-0.05718538,-0.001281302,0.9983216	attack1_hook_l2	0,0,0	0,0,0	True	False
-10.46163,20.69069,-286.4181	-0.008562929,-0.0267479,-0.001019156,0.999605	attack1_hook_l2	0,0,0	0,0,0	True	False
-10.63024,20.69946,-283.2042	-0.007995303,0.0003868826,-0.0008099244,0.9999676	attack1_hook_l2	0,0,0	0,0,0	True	False
-10.79369,20.70022,-279.9795	-0.007357379,0.02560601,-0.0006489031,0.9996448	attack1_hook_l2	0,0,0	0,0,0	True	False
-10.95169,20.69298,-276.7441	-0.006641843,0.04911739,-0.0005373395,0.9987708	attack1_hook_l2	0,0,0	0,0,0	True	False
-11.10383,20.67774,-273.4982	-0.00586846,0.07136767,-0.0004706323,0.9974327	attack1_hook_l2	0,0,0	0,0,0	True	False
-11.2497,20.6545,-270.2421	-0.005055754,0.09326883,-0.0004456141,0.9956281	attack1_hook_l2	0,0,0	0,0,0	True	False
-11.38847,20.62327,-266.9763	-0.004218425,0.114849,-0.0004600551,0.9933739	attack1_hook_l2	0,0,0	0,0,0	True	False
-11.51918,20.58403,-263.7017	-0.00337298,0.1386941,-0.0005193587,0.9903294	attack1_hook_l2	0,0,0	0,0,0	True	False
-11.64118,20.53679,-260.4188	-0.002533458,0.1657592,-0.000629481,0.9861628	attack1_hook_l2	0,0,0	0,0,0	True	False
-11.75419,20.48155,-257.1279	-0.001708517,0.1938213,-0.0007823231,0.9810351	attack1_hook_l2	0,0,0	0,0,0	True	False
-11.85808,20.41831,-253.8292	0,0.9599947,0,0.2800181	air_hook_r_just	0,0,0	18.36805,27.80966,-301.2335	True	False
-11.94326,20.43944,-250.5378	0,0.9599947,0,0.2800181	air_hook_r_just	0,0,0	18.36805,27.80966,-301.2335	True	False
-12.0285,20.45659,-247.2443	0,0.9599947,0,0.2800181	air_hook_r_just	0,0,0	18.36805,27.80966,-301.2335	True	False
-12.11378,20.46974,-243.9488	-0.0440831,0.9535567,-0.0009942205,0.2979689	air_hook_r_just	0,0,0	18.36805,27.80966,-301.2335	True	False
-12.19912,20.4789,-240.6514	-0.08305435,0.9464248,-0.001346983,0.3120583	air_hook_r_just	0,0,0	18.36805,27.80966,-301.2335	True	False
-12.28452,20.48407,-237.3519	-0.1173956,0.9391112,-0.001177644,0.3229352	air_hook_r_just	0,0,0	18.36805,27.80966,-301.2335	True	False
-12.36996,20.48524,-234.0504	-0.1475902,0.9319615,-0.0005884873,0.3311563	air_hook_r_just	0,0,0	18.36805,27.80966,-301.2335	True	False
-12.45545,20.48241,-230.7469	-0.1741003,0.9251975,0.0003339491,0.3371921	air_hook_r_just	0,0,0	18.36805,27.80966,-301.2335	True	False
-10.31262,21.00151,-233.2103	-0.1973539,0.9189504,0.001517152,0.3414372	air_hook_r_just	0,0,0	18.36805,27.80966,-301.2335	True	False
-8.162918,21.51825,-235.69	-0.1980543,0.9230695,0.0133098,0.3294542	air_hook_r_just	0,0,0	18.36805,27.80966,-301.2335	True	False
-6.006568,22.03256,-238.186	-0.1987838,0.9266477,0.02379097,0.3181872	air_hook_r_just	0,0,0	18.36805,27.80966,-301.2335	True	False
-3.843832,22.54438,-240.6986	-0.1995613,0.9297898,0.03320489,0.3075119	air_hook_r_just	0,0,0	18.36805,27.80966,-301.2335	True	False
-1.674991,23.05365,-243.2279	-0.2003988,0.9325837,0.04168994,0.2973042	air_hook_r_just	0,0,0	18.36805,27.80966,-301.2335	True	False
0.4996384,23.5603,-245.7739	-0.2013078,0.9351015,0.04937087,0.287442	air_hook_r_just	0,0,0	18.36805,27.80966,-301.2335	True	False
2.679705,24.06424,-248.3367	-0.2022993,0.9374024,0.05636071,0.2778043	air_hook_r_just	0,0,0	18.36805,27.80966,-301.2335	True	False
4.864815,24.56538,-250.9166	-0.2033848,0.9395356,0.06276263,0.2682692	air_hook_r_just	0,0,0	18.36805,27.80966,-301.2335	True	False
7.054523,25.06363,-253.5136	-0.2045767,0.9415417,0.0686719,0.2587118	air_hook_r_just	0,0,0	18.36805,27.80966,-301.2335	True	False
9.248327,25.55887,-256.1279	-0.2058892,0.9434543,0.0741779,0.2490006	air_hook_r_just	0,0,0	18.36805,27.80966,-301.2335	True	False
11.44565,26.05098,-258.7596	-0.2073386,0.9453005,0.07936633,0.238995	air_hook_r_just	0,0,0	18.36805,27.80966,-301.2335	True	False
13.64583,26.53981,-261.4088	-0.2089445,0.9471017,0.08432183,0.2285401	air_hook_r_just	0,0,0	18.36805,27.80966,-301.2335	True	False
15.8481,27.02521,-264.0757	-0.2107299,0.9488725,0.08913089,0.2174619	air_hook_r_just	0,0,0	18.36805,27.80966,-301.2335	True	False
18.04558,27.50698,-266.7707	-0.2127222,0.9506207,0.09388559,0.2055606	air_hook_r_just	0,0,0	18.36805,27.80966,-301.2335	True	False
20.23621,27.98491,-269.4932	-0.214954,0.9523441,0.09868834,0.1926037	air_hook_r_just	0,0,0	18.36805,27.80966,-301.2335	True	False
22.4187,28.45474,-272.2431	-0.2174157,0.9540371,0.1036851,0.1783061	air_hook_r_just	0,0,0	18.36805,27.80966,-301.2335	True	False
24.59163,28.91618,-275.0203	-0.2201506,0.9556637,0.1090054,0.1623527	air_hook_r_just	0,0,0	18.36805,27.80966,-301.2335	True	False
26.75337,29.36889,-277.8245	-0.2232045,0.9571594,0.1148157,0.1443711	air_hook_r_just	0,0,0	18.36805,27.80966,-301.2335	True	False
28.90912,29.81248,-280.6453	-0.2266187,0.9584175,0.1213303,0.1239308	air_hook_r_just	0,0,0	18.36805,27.80966,-301.2335	True	False
31.0568,30.24654,-283.482	-0.2304166,0.9592719,0.1288159,0.100559	air_hook_r_just	0,0,0	18.36805,27.80966,-301.2335	True	False
33.19421,30.67063,-286.333	-0.2346301,0.9594659,0.1375744,0.07380585	air_hook_r_just	0,0,0	18.36805,27.80966,-301.2335	True	False
35.31919,31.08433,-289.1965	-0.2391619,0.9586643,0.1479486,0.04330792	air_hook_r_just	0,0,0	18.36805,27.80966,-301.2335	True	False
37.44535,31.49025,-292.0616	0,0.9503801,0,-0.3110912	dash	0,0,0	18.36805,27.80966,-301.2335	True	True
39.5727,31.8884,-294.9283	0,0.9503801,0,-0.3110912	dash	0,0,0	18.36805,27.80966,-301.2335	True	False
41.70124,32.27877,-297.7965	-0.02828828,0.9459022,0.03441257,-0.321379	dash	0,0,0	18.36805,27.80966,-301.2335	True	False
43.10833,32.53154,-299.6926	-0.05079897,0.9375937,0.0668195,-0.3374503	dash	0,0,0	18.36805,27.80966,-301.2335	True	False
43.87848,32.68274,-299.5609	-0.06832968,0.926224,0.09707755,-0.3577935	dash	0,0,0	18.36805,27.80966,-301.2335	True	False
44.58139,32.768,-299.5761	-0.08234805,0.9132089,0.1246525,-0.3791175	dash	0,0,0	18.36805,27.80966,-301.2335	True	False
45.18067,32.80191,-299.5762	-0.1040301,0.9006653,0.1373629,-0.3988876	dash	0,0,0	18.36805,27.80966,-301.2335	True	False
45.72857,32.75771,-299.5625	-0.123518,0.8886504,0.1478532,-0.416153	dash	0,0,0	18.36805,27.80966,-301.2335	True	False
46.26471,32.66106,-299.5474	-0.141046,0.8775246,0.1564085,-0.4308052	dash	0,0,0	18.36805,27.80966,-301.2335	True	False
46.80792,32.54591,-299.5446	-0.1566972,0.8674438,0.1634683,-0.4430186	dash	0,0,0	18.36805,27.80966,-301.2335	True	False
47.35309,32.42234,-299.5417	-0.1704667,0.8582242,0.1695517,-0.4534805	dash	0,0,0	18.36805,27.80966,-301.2335	True	False
47.90021,32.29033,-299.5389	-0.1825174,0.8497781,0.1748829,-0.4625804	dash	0,0,0	18.36805,27.80966,-301.2335	True	False
48.44928,32.14986,-299.5361	-0.1930608,0.8420849,0.1795614,-0.4705085	dash	0,0,0	18.36805,27.80966,-301.2335	True	False
49.00028,32.00089,-299.5332	-0.2022835,0.8351098,0.1836738,-0.4774275	dash	0,0,0	18.36805,27.80966,-301.2335	True	False
49.55321,31.84339,-299.5303	-0.2103491,0.8288093,0.1872945,-0.4834761	dash	0,0,0	18.36805,27.80966,-301.2335	True	False
50.10807,31.67735,-299.5275	-0.2174015,0.8231356,0.1904881,-0.4887727	dash	0,0,0	18.36805,27.80966,-301.2335	True	False
50.66484,31.50274,-299.5246	-0.2235665,0.8180388,0.1933104,-0.4934184	dash	0,0,0	18.36805,27.80966,-301.2335	True	False
51.22352,31.31952,-299.5217	-0.2289542,0.8134695,0.1958094,-0.4974999	dash	0,0,0	0,0,0	True	False
51.7822,31.12831,-299.5188	-0.2336608,0.8093798,0.198027,-0.5010911	dash	0,0,0	0,0,0	False	False
52.34088,30.9291,-299.5159	-0.2066992,0.815255,0.1751772,-0.5118082	dash	0,0,0	0,0,0	False	False
52.89956,30.72188,-299.513	-0.1826359,0.8194976,0.1547836,-0.520682	dash	0,0,0	0,0,0	False	False
53.45824,30.50667,-299.5101	-0.1612276,0.8224995,0.1366401,-0.5280433	dash	0,0,0	0,0,0	False	False
54.01693,30.28346,-299.5072	-0.1422282,0.8245667,0.1205381,-0.5341642	dash	0,0,0	0,0,0	False	False
54.57209,30.05709,-299.4958	-0.1253989,0.8259366,0.1062753,-0.5392675	dash	0,0,0	0,0,0	False	False
55.12586,29.82514,-299.4808	-0.1105137,0.8267915,0.09366016,-0.5435351	dash	0,0,0	0,0,0	False	False
55.67931,29.58573,-299.4648	-0.09736321,0.8272709,0.08251514,-0.5471148	stand_levi	0,0,0	0,0,0	False	False
56.22868,29.34471,-299.45	-0.0857555,0.8274806,0.07267762,-0.5501271	stand_levi	0,0,0	0,0,0	False	False
56.77444,29.10135,-299.4363	-0.07551662,0.8275004,0.06400019,-0.5526702	stand_levi	0,0,0	0,0,0	False	False
57.31719,28.8549,-299.4242	-0.06648994,0.82739,0.0563501,-0.5548239	air2_backward	0,0,0	0,0,0	False	False
57.85746,28.60468,-299.4135	-0.05853524,0.8271937,0.04960851,-0.5566536	air2_backward	0,0,0	0,0,0	False	False
58.39561,28.34999,-299.4038	-0.05152745,0.8269442,0.04366941,-0.5582126	air2_backward	0,0,0	0,0,0	True	False
58.93211,28.09018,-299.3953	-0.04535536,0.8266651,0.03843858,-0.5595446	air2_backward	0,0,0	0,0,0	True	False
59.45736,27.82262,-299.3864	-0.03992036,0.8263735,0.03383242,-0.5606859	air2_backward	0,0,0	0,0,0	True	False
59.97151,27.54707,-299.3734	-0.03540724,0.8003634,0.03000757,-0.5977159	air2_backward	0,0,0	0,0,0	True	False
60.47455,27.26351,-299.3558	-0.03134975,0.7759428,0.02656886,-0.6294634	air2_backward	0,0,0	0,0,0	True	False
60.96648,26.97196,-299.3337	-0.02771949,0.7532948,0.02349222,-0.6566786	air2_backward	0,0,0	0,0,0	True	False
61.44731,26.6724,-299.3071	-0.02448359,0.7324912,0.0207498,-0.6800197	air2_backward	0,0,0	0,0,0	True	False
61.92813,26.36485,-299.2804	-0.02160756,0.7135255,0.01831236,-0.7000566	air2_backward	0,0,0	0,0,0	True	False
62.40896,26.04929,-299.2538	-0.01905709,0.6963392,0.01615085,-0.7172779	air2_backward	0,0,0	0,0,0	True	False
62.88979,25.72574,-299.2271	0,0.5573831,0,-0.8302554	dash	0,0,0	0,0,0	False	True
62.63018,25.39418,-298.8976	0,0.5573831,0,-0.8302554	dash	0,0,0	0,0,0	False	False
62.3799,25.06654,-298.5799	0,0.5573831,0,-0.8302554	dash	0,0,0	0,0,0	False	False
62.12962,24.73089,-298.2621	0,0.5573831,0,-0.8302554	dash	0,0,0	0,0,0	False	False
61.87934,24.38725,-297.9444	0,0.5573831,0,-0.8302554	dash	0,0,0	0,0,0	False	False
61.62906,24.0356,-297.6267	0,0.5573831,0,-0.8302554	dash	0,0,0	0,0,0	False	False
61.37877,23.67596,-297.309	0,0.5573831,0,-0.8302554	dash	0,0,0	0,0,0	False	False
61.12849,23.30831,-296.9913	0,0.5573831,0,-0.8302554	dash	0,0,0	0,0,0	False	False
60.87821,22.93267,-296.6736	0,0.5573831,0,-0.8302554	dash	0,0,0	0,0,0	False	False
60.62793,22.54902,-296.3558	0,0.5573831,0,-0.8302554	dash	0,0,0	0,0,0	False	False
60.37764,22.15738,-296.0381	0,0.5573831,0,-0.8302554	dash	0,0,0	0,0,0	False	False
60.12736,21.75773,-295.7204	0,0.5573831,0,-0.8302554	dash	0,0,0	0,0,0	False	False
59.87708,21.35008,-295.4027	0,0.5573831,0,-0.8302554	dash	0,0,0	0,0,0	False	False
59.6268,20.93444,-295.085	0,0.5573831,0,-0.8302554	dash	0,0,0	0,0,0	False	False
59.37651,20.51079,-294.7672	0,0.5573831,0,-0.8302554	dash	0,0,0	0,0,0	False	False
59.13515,20.09425,-294.4608	0,0.5573831,0,-0.8302554	dash	0,0,0	0,0,0	False	False
58.90204,19.68394,-294.1649	0,0.5573831,0,-0.8302554	dash	0,0,0	0,0,0	False	False
58.66893,19.26563,-293.869	0,0.5573831,0,-0.8302554	dash	0,0,0	0,0,0	False	False
58.43582,18.83932,-293.5731	0,0.5573831,0,-0.8302554	dash	0,0,0	0,0,0	False	False
58.20271,18.405,-293.2771	0,0.5573831,0,-0.8302554	dash	0,0,0	0,0,0	False	False
57.96959,17.96269,-292.9812	0,0.5573831,0,-0.8302554	dash	0,0,0	0,0,0	False	False
57.73648,17.51238,-292.6853	0,0.5573831,0,-0.8302554	dash	0,0,0	0,0,0	False	False
57.50898,17.0649,-292.3965	0,0.5573831,0,-0.8302554	dash	0,0,0	0,0,0	False	False
57.28923,16.62469,-292.1175	0,0.5573831,0,-0.8302554	dash	0,0,0	0,0,0	False	False
57.07716,16.19184,-291.8483	0,0.5573831,0,-0.8302554	dash	0,0,0	0,0,0	False	False
56.86509,15.751,-291.579	0,0.5573831,0,-0.8302554	dash	0,0,0	0,0,0	False	False
56.65301,15.30216,-291.3098	0,0.5573831,0,-0.8302554	dash	0,0,0	0,0,0	False	True
55.7005,14.84531,-290.7377	0,0.5573831,0,-0.8302554	dash	0,0,0	0,0,0	False	False
54.78087,14.39623,-290.1853	0,0.5573831,0,-0.8302554	dash	0,0,0	0,0,0	False	False
53.89294,13.95464,-289.6519	0,0.5573831,0,-0.8302554	dash	0,0,0	0,0,0	False	False
53.03598,13.52044,-289.1372	0,0.5573831,0,-0.8302554	dash	0,0,0	0,0,0	False	False
52.20893,13.0934,-288.6404	0,0.5573831,0,-0.8302554	dash	0,0,0	0,0,0	False	False
51.41113,12.67347,-288.1612	0,0.5573831,0,-0.8302554	dash	0,0,0	0,0,0	False	False
50.64081,12.26,-287.6985	0,0.5573831,0,-0.8302554	dash	0,0,0	0,0,0	False	False
49.89738,11.85296,-287.2519	0,0.5573831,0,-0.8302554	dash	0,0,0	0,0,0	False	False
49.17125,11.44739,-286.8157	0,0.5573831,0,-0.8302554	dash	0,0,0	0,0,0	False	False
48.47047,11.04798,-286.3948	0,0.5573831,0,-0.8302554	dash	0,0,0	0,0,0	False	False
47.79435,10.65463,-285.9887	0,0.5573831,0,-0.8302554	dash	0,0,0	0,0,0	False	False
47.1424,10.26734,-285.5971	0,0.5573831,0,-0.8302554	dash	0,0,0	0,0,0	False	False
46.51273,9.885283,-285.2188	0,0.5573831,0,-0.8302554	dash	0,0,0	0,0,0	False	False
45.90558,9.50889,-284.8542	0,0.5573831,0,-0.8302554	dash	0,0,0	0,0,0	False	False
45.319,9.137247,-284.5018	0,0.5573831,0,-0.8302554	dash	0,0,0	0,0,0	False	False
44.75288,8.770575,-284.1617	0,0.5573831,0,-0.8302554	dash	0,0,0	0,0,0	False	False
44.20701,8.409009,-283.8339	0,0.5573831,0,-0.8302554	dash	0,0,0	0,0,0	False	False
43.67961,8.051684,-283.5171	0,0.5573831,0,-0.8302554	dash	0,0,0	0,0,0	False	False
