2060.197,39.8103,-1203.747	-0.0008383644,0.9728448,-0.001212942,0.2314537	air2	0,0,0	0,0,0	True	False
2060.649,39.73555,-1204.441	-0.0007378029,0.9737501,-0.00106745,0.2276163	air2	0,0,0	0,0,0	True	False
2061.106,39.65281,-1205.146	-0.0006492952,0.9745342,-0.0009393974,0.2242363	air2	0,0,0	0,0,0	True	False
2061.568,39.56207,-1205.862	-0.0005713993,0.9752145,-0.000826698,0.2212596	air2	0,0,0	0,0,0	True	False
2062.034,39.46332,-1206.59	-0.0005028447,0.9758056,-0.0007275136,0.2186383	air2	0,0,0	0,0,0	True	False
2062.505,39.35658,-1207.328	-0.0004425125,0.97632,-0.0006402251,0.2163302	air2	0,0,0	0,0,0	True	False
2062.98,39.24184,-1208.077	-0.0003894172,0.9767681,-0.0005634071,0.214298	air2	0,0,0	0,0,0	True	False
2063.46,39.11909,-1208.838	-0.0003426913,0.977159,-0.0004958044,0.2125089	air2	0,0,0	0,0,0	True	False
2063.945,38.98835,-1209.609	-0.0003015713,0.9775002,-0.000436312,0.2109338	air2	0,0,0	0,0,0	True	False
2064.435,38.8496,-1210.392	-0.0002653847,0.9777984,-0.0003839574,0.2095474	air2	0,0,0	0,0,0	True	False
2064.929,38.70286,-1211.185	-0.0002335398,0.9780592,-0.0003378844,0.2083269	air2	0,0,0	0,0,0	True	False
2065.428,38.54811,-1211.99	-0.000205516,0.9782874,-0.0002973396,0.2072526	air2	0,0,0	0,0,0	True	False
2065.932,38.38537,-1212.806	-0.0001808547,0.9784873,-0.0002616598,0.206307	air2	0,0,0	0,0,0	True	False
2066.431,38.21463,-1213.61	-0.0001591526,0.9786624,-0.0002302612,0.2054748	air2	0,0,0	0,0,0	True	False
2066.925,38.03588,-1214.404	-0.0001575616,0.9419649,-0.0002279595,0.3357112	air2	0,0,0	0,0,0	True	False
2067.415,37.84914,-1215.186	-0.0001532474,0.8897305,-0.0002217177,0.4564862	air2	0,0,0	0,0,0	True	False
2067.9,37.65439,-1215.958	-0.0001466355,0.8253293,-0.0002121516,0.5646517	air2	0,0,0	0,0,0	True	False
2068.38,37.45165,-1216.718	-0.0001382724,0.7526221,-0.0002000518,0.6584527	air2_right	0,0,0	0,0,0	True	False
2068.855,37.24091,-1217.467	-0.0001287357,0.6754025,-0.0001862543,0.7374492	air2_right	0,0,0	0,0,0	True	False
2069.326,37.02216,-1218.206	-0.0001185633,0.5969954,-0.0001715369,0.8022447	air2_right	0,0,0	0,0,0	True	False
2069.792,36.79542,-1218.933	-0.0001082088,0.5200459,-0.000156556,0.8541384	air2_right	0,0,0	0,0,0	True	False
2070.254,36.56067,-1219.649	-9.802434E-05,0.4464722,-0.0001418212,0.8947975	air2_right	0,0,0	0,0,0	True	False
2070.711,36.31793,-1220.354	-8.826168E-05,0.3775274,-0.0001276966,0.9259984	air2_right	0,0,0	0,0,0	True	False
2071.172,36.06718,-1221.048	-7.908477E-05,0.3139146,-0.0001144195,0.9494513	air2_right	0,0,0	0,0,0	True	False
2071.638,35.80844,-1221.731	-6.965416E-05,0.2993981,-0.0001007753,0.9541283	air2_right	0,0,0	0,0,0	True	False
2072.108,35.5417,-1222.403	-6.133632E-05,0.2865575,-8.874111E-05,0.9580631	air2_right	0,0,0	0,0,0	True	False
2072.589,35.26696,-1223.07	-5.400369E-05,0.2752091,-7.81323E-05,0.9613844	air2_right	0,0,0	0,0,0	True	False
2073.082,34.98421,-1223.733	-4.775792E-05,0.3099395,-6.909594E-05,0.9507563	air2_right	0,0,0	0,0,0	True	False
2073.585,34.69347,-1224.391	-4.218815E-05,0.3402794,-6.103763E-05,0.9403244	air2_right	0,0,0	0,0,0	True	False
2074.099,34.39472,-1225.044	-3.723609E-05,0.366767,-5.387301E-05,0.9303129	air2_right	0,0,0	0,0,0	True	False
2074.625,34.08798,-1225.692	-3.284343E-05,0.3898858,-4.751773E-05,0.9208632	air2_right	0,0,0	0,0,0	True	False
2075.161,33.77324,-1226.336	-2.895398E-05,0.4100651,-4.189049E-05,0.9120563	air2_right	0,0,0	0,0,0	True	False
2075.702,33.45049,-1226.968	-2.551488E-05,0.4276828,-3.691481E-05,0.9039289	air2_right	0,0,0	0,0,0	True	False
2076.248,33.11975,-1227.59	-2.252713E-05,0.4005746,-3.259215E-05,0.9162642	air2_right	0,0,0	0,0,0	True	False
2076.798,32.781,-1228.2	-1.98746E-05,0.3763634,-2.875448E-05,0.9264722	air2_right	0,0,0	0,0,0	True	False
2077.359,32.43426,-1228.805	-1.752435E-05,0.3547997,-2.535415E-05,0.9349424	air2_right	0,0,0	0,0,0	True	False
2077.931,32.07951,-1229.406	-1.546155E-05,0.3794408,-2.236969E-05,0.9252161	air2_right	0,0,0	0,0,0	True	False
2078.514,31.71677,-1230.003	-1.363361E-05,0.4009477,-1.972505E-05,0.916101	air2_right	0,0,0	0,0,0	True	False
2079.108,31.34603,-1230.594	-1.201635E-05,0.4197221,-1.738519E-05,0.9076527	air2_right	0,0,0	0,0,0	True	False
2079.714,30.96728,-1231.181	-1.058721E-05,0.4361161,-1.531752E-05,0.8998904	air2_right	0,0,0	0,0,0	True	False
2080.33,30.58054,-1231.763	-9.325496E-06,0.4504376,-1.349209E-05,0.8928079	air2_right	0,0,0	0,0,0	True	False
2080.957,30.1858,-1232.341	-8.212412E-06,0.4629545,-1.188168E-05,0.8863821	air2_right	0,0,0	0,0,0	True	False
2081.596,29.78305,-1232.913	-7.230998E-06,0.4738996,-1.046178E-05,0.8805789	air2_right	0,0,0	0,0,0	True	False
2082.245,29.37231,-1233.481	-6.366059E-06,0.4834754,-9.210386E-06,0.875358	air2_right	0,0,0	0,0,0	True	False
2082.906,28.95357,-1234.045	-5.604029E-06,0.4918573,-8.107884E-06,0.8706759	air2_right	0,0,0	0,0,0	True	False
2083.577,28.52682,-1234.604	-4.932838E-06,0.4991978,-7.136809E-06,0.8664881	air2_right	0,0,0	0,0,0	True	False
2084.26,28.09208,-1235.158	-4.341779E-06,0.5056292,-6.281667E-06,0.8627509	air2_right	0,0,0	0,0,0	True	False
2084.953,27.64933,-1235.707	-3.821366E-06,0.5112667,-5.528736E-06,0.8594221	air2_right	0,0,0	0,0,0	True	False
2085.658,27.19859,-1236.252	-3.363212E-06,0.5162101,-4.86588E-06,0.856462	air2_right	0,0,0	0,0,0	True	False
2086.374,26.73985,-1236.792	-2.959905E-06,0.5205466,-4.282379E-06,0.8538333	air2_right	0,0,0	0,0,0	True	False
2087.101,26.2731,-1237.327	-2.604907E-06,0.5243518,-3.768768E-06,0.8515018	air2_right	0,0,0	0,0,0	True	False
2087.838,25.79836,-1237.857	-2.292448E-06,0.527692,-3.316704E-06,0.8494358	air2_right	0,0,0	0,0,0	True	False
2088.587,25.31561,-1238.383	-2.017443E-06,0.5306247,-2.918827E-06,0.8476069	air2_right	0,0,0	0,0,0	True	False
2089.345,24.82487,-1238.901	-1.775351E-06,0.5303183,-2.568569E-06,0.8477986	air2_right	0,0,0	0,0,0	True	False
2090.112,24.32613,-1239.411	-1.563111E-06,0.5202567,-2.261502E-06,0.85401	air2_right	0,0,0	0,0,0	True	False
2090.887,23.81938,-1239.912	-1.376774E-06,0.5068501,-1.99191E-06,0.8620343	air2_right	0,0,0	0,0,0	True	False
2091.67,23.30464,-1240.404	-1.212954E-06,0.4915453,-1.754896E-06,0.870852	air2_right	0,0,0	0,0,0	True	False
2092.461,22.7819,-1240.886	-1.069012E-06,0.4738247,-1.546641E-06,0.8806192	air2_right	0,0,0	0,0,0	True	False
2093.259,22.25115,-1241.36	-9.421414E-07,0.4559736,-1.363086E-06,0.8899933	air2_right	0,0,0	0,0,0	True	False
2094.066,21.71241,-1241.826	-8.29435E-07,0.4463983,-1.200023E-06,0.8948343	air2_right	0,0,0	0,0,0	True	False
2094.881,21.16566,-1242.282	-7.300802E-07,0.4391011,-1.056277E-06,0.8984376	air2_right	0,0,0	0,0,0	True	False
2095.702,20.61092,-1242.728	-6.428328E-07,0.4279386,-9.300479E-07,0.9038078	air2_right	0,0,0	0,0,0	True	False
2096.527,20.04818,-1243.163	-5.665732E-07,0.4092907,-8.197158E-07,0.9124041	air2_right	0,0,0	0,0,0	True	False
2097.353,19.47743,-1243.585	-5.003967E-07,0.3805849,-7.239718E-07,0.924746	air2_right	0,0,0	0,0,0	True	False
2098.178,18.89869,-1243.996	-4.431088E-07,0.3425441,-6.410879E-07,0.9395018	air2_right	0,0,0	0,0,0	True	False
2099.002,18.31195,-1244.395	-3.928415E-07,0.3005206,-5.683614E-07,0.9537753	air2_right	0,0,0	0,0,0	True	False
2099.826,17.7172,-1244.793	-3.480618E-07,0.2596782,-5.035744E-07,0.9656952	air2_right	0,0,0	0,0,0	True	False
2100.65,17.11446,-1245.192	-3.079212E-07,0.2231541,-4.45499E-07,0.9747832	air2_right	0,0,0	0,0,0	True	False
2101.474,16.50372,-1245.591	-2.720887E-07,0.1906172,-3.936567E-07,0.9816645	air2_right	0,0,0	0,0,0	True	False
2102.298,15.88497,-1245.989	-2.402049E-07,0.1617179,-3.475274E-07,0.986837	air2_right	0,0,0	0,0,0	True	False
2103.122,15.25823,-1246.388	-2.119057E-07,0.1361075,-3.065842E-07,0.9906941	air2_right	0,0,0	0,0,0	True	False
2103.946,14.62348,-1246.787	-1.868364E-07,0.1134512,-2.70314E-07,0.9935436	air2_right	0,0,0	0,0,0	True	False
2104.77,13.98074,-1247.185	-1.646617E-07,0.09343486,-2.382318E-07,0.9956254	air2_right	0,0,0	0,0,0	True	False
2105.594,13.33,-1247.584	-1.450701E-07,0.07576872,-2.098868E-07,0.9971254	air2_right	0,0,0	0,0,0	True	False
2106.418,12.67125,-1247.983	-1.277763E-07,0.06018882,-1.848661E-07,0.998187	air2_right	0,0,0	0,0,0	True	False
2107.242,12.00451,-1248.381	-1.125213E-07,0.04645682,-1.627953E-07,0.9989203	air2_right	0,0,0	0,0,0	True	False
2108.066,11.32977,-1248.78	-9.907212E-08,0.03435889,-1.433371E-07,0.9994096	air2_right	0,0,0	0,0,0	True	False
2108.89,10.64702,-1249.179	-8.721986E-08,0.02370409,-1.261893E-07,0.999719	air2_right	0,0,0	0,0,0	True	False
2109.714,9.95628,-1249.577	-7.677829E-08,0.0143226,-1.110825E-07,0.9998974	air2_right	0,0,0	0,0,0	True	False
2110.538,9.257536,-1249.976	-6.758182E-08,0.00606379,-9.777704E-08,0.9999816	air2_right	0,0,0	0,0,0	True	False
2111.362,8.550792,-1250.375	-5.948353E-08,-0.001205719,-8.606048E-08,0.9999993	air2_right	0,0,0	0,0,0	True	False
2112.186,7.836048,-1250.773	-5.235337E-08,-0.007603795,-7.57446E-08,0.9999711	air2_right	0,0,0	0,0,0	True	False
2113.01,7.113304,-1251.172	0,0.2282987,0,0.9735911	air_hook_l_just	2118.679,11.10933,-1239.748	0,0,0	True	False
2113.841,6.444747,-1251.556	0,0.2282987,0,0.9735911	air_hook_l_just	2118.679,11.10933,-1239.748	0,0,0	True	False
2114.674,5.771011,-1251.94	0,0.2282987,0,0.9735911	air_hook_l_just	2118.679,11.10933,-1239.748	0,0,0	True	False
2115.509,5.092091,-1252.325	0.004211178,0.2348797,0.03588522,0.9713527	air_hook_l_just	2118.679,11.10933,-1239.748	0,0,0	True	False
2116.345,4.407982,-1252.71	0.006910523,0.236868,0.06827586,0.9691152	air_hook_l_just	2118.679,11.10933,-1239.748	0,0,0	True	False
2117.182,3.718681,-1253.096	0.0082515,0.2349122,0.09753154,0.9670759	air_hook_l_just	2118.679,11.10933,-1239.748	0,0,0	True	False
2118.021,3.024182,-1253.483	0.008383302,0.2296088,0.1239879,0.9653168	air_hook_l_just	2118.679,11.10933,-1239.748	0,0,0	True	False
2118.861,2.324481,-1253.871	0.00744887,0.2215023,0.1479475,0.9638427	air_hook_l_just	2118.679,11.10933,-1239.748	0,0,0	True	False
2119.703,1.619574,-1254.259	0.005583955,0.2110867,0.1696768,0.9626116	air_hook_l_just	2118.679,11.10933,-1239.748	0,0,0	True	False
2120.546,0.909456,-1254.648	0.002916561,0.1988074,0.1894077,0.961557	air_hook_l_just	2118.679,11.10933,-1239.748	0,0,0	True	False
2121.391,0.1941232,-1255.037	-0.0004334409,0.1850624,0.2073408,0.9606048	air_hook_l_just	2118.679,11.10933,-1239.748	0,0,0	True	False
2122.237,-0.5264288,-1255.428	-0.004354348,0.1702058,0.2236498,0.9596832	air_hook_l_just	2118.679,11.10933,-1239.748	0,0,0	True	False
2123.084,-1.252204,-1255.819	-0.008749217,0.1545387,0.2383364,0.9587685	air_hook_l_just	2118.679,11.10933,-1239.748	0,0,0	True	False
2123.933,-1.983208,-1256.21	-0.01352443,0.1383044,0.2511403,0.9579235	air_hook_l_just	2118.679,11.10933,-1239.748	0,0,0	True	False
2124.783,-2.719443,-1256.602	-0.01857312,0.1217355,0.2622757,0.9571034	air_hook_l_just	2118.679,11.10933,-1239.748	0,0,0	True	False
2125.635,-3.460914,-1256.995	-0.02380393,0.1050291,0.2719335,0.9562711	air_hook_l_just	2118.679,11.10933,-1239.748	0,0,0	True	False
2126.488,-4.207626,-1257.389	-0.02913968,0.08835039,0.2802839,0.9553984	air_hook_l_just	2118.679,11.10933,-1239.748	0,0,0	True	False
2127.343,-4.959582,-1257.783	-0.03451594,0.07183545,0.287479,0.9544654	air_hook_l_just	2118.679,11.10933,-1239.748	0,0,0	True	False
2128.199,-5.716786,-1258.178	-0.03987955,0.05559511,0.2936547,0.9534599	air_hook_l_just	2118.679,11.10933,-1239.748	0,0,0	True	False
2129.056,-6.479242,-1258.573	-0.04518714,0.03971815,0.2989321,0.9523761	air_hook_l_just	2118.679,11.10933,-1239.748	0,0,0	True	False
2129.915,-7.246955,-1258.969	-0.05040426,0.02427309,0.3034194,0.9512134	air_hook_l_just	2118.679,11.10933,-1239.748	0,0,0	True	False
2130.775,-8.019928,-1259.366	-0.05550389,0.009311688,0.3072132,0.9499751	air_hook_l_just	2118.679,11.10933,-1239.748	0,0,0	True	False
2131.637,-8.798165,-1259.764	-0.06046546,-0.005128834,0.3103992,0.9486675	air_hook_l_just	2118.679,11.10933,-1239.748	0,0,0	True	False
2132.5,-9.581672,-1260.162	-0.0652738,-0.01902346,0.3130538,0.9472986	air_hook_l_just	2118.679,11.10933,-1239.748	0,0,0	True	False
2133.365,-10.37045,-1260.56	-0.06991809,-0.03235682,0.3152448,0.945878	air_hook_l_just	2118.679,11.10933,-1239.748	0,0,0	True	False
2134.23,-11.1645,-1260.96	-0.07439152,-0.04512266,0.3170323,0.9444154	air_hook_l_just	2118.679,11.10933,-1239.748	0,0,0	True	False
2135.098,-11.96384,-1261.36	-0.07869042,-0.05732159,0.3184694,0.9429206	air_hook_l_just	2118.679,11.10933,-1239.748	0,0,0	True	False
2135.995,-12.07435,-1260.5	-0.08281355,-0.06895965,0.319603,0.9414034	air_hook_l_just	2118.679,11.10933,-1239.748	0,0,0	True	False
2136.871,-12.15878,-1259.612	-0.08662871,-0.0881907,0.3093059,0.9428933	air_hook_l_just	2118.679,11.10933,-1239.748	0,0,0	True	False
2137.724,-12.21688,-1258.697	-0.09065535,-0.1075842,0.3001088,0.9434733	air_hook_l_just	2118.679,11.10933,-1239.748	0,0,0	True	False
2138.552,-12.24838,-1257.756	-0.09488063,-0.1271227,0.2918842,0.9432079	air_hook_l_just	2118.679,11.10933,-1239.748	0,0,0	True	False
2139.356,-12.25311,-1256.79	-0.09929223,-0.1467862,0.2845159,0.9421495	air_hook_l_just	2118.679,11.10933,-1239.748	0,0,0	True	False
2140.133,-12.2309,-1255.801	-0.1038782,-0.166552,0.2778988,0.9403414	air_hook_l_just	2118.679,11.10933,-1239.748	0,0,0	True	False
2140.883,-12.18164,-1254.789	-0.1086265,-0.1863946,0.2719377,0.9378205	air_hook_l_just	2118.679,11.10933,-1239.748	0,0,0	True	False
2141.603,-12.10525,-1253.756	-0.1135254,-0.2062867,0.2665465,0.934618	air_hook_l	2118.679,11.10933,-1239.748	0,0,0	True	False
2142.294,-12.00172,-1252.703	-0.1185628,-0.2261986,0.2616474,0.9307619	air_hook_l	2118.679,11.10933,-1239.748	0,0,0	True	False
2142.954,-11.87105,-1251.632	-0.1237264,-0.246099,0.2571702,0.9262778	air_hook_l	0,0,0	0,0,0	True	False
2143.604,-11.74837,-1250.553	-0.1290033,-0.2659552,0.2530517,0.9211899	air2_right	0,0,0	0,0,0	True	False
2144.245,-11.6337,-1249.467	-0.114198,-0.2885862,0.2240097,0.9238487	air2_right	0,0,0	0,0,0	True	False
2144.876,-11.52703,-1248.374	-0.1009587,-0.3082134,0.1980396,0.9249822	air2_right	0,0,0	0,0,0	True	False
2145.498,-11.42836,-1247.273	-0.0891652,-0.3254761,0.1749056,0.9249448	air2_right	0,0,0	0,0,0	True	False
2146.111,-11.33769,-1246.165	-0.07868793,-0.3406917,0.1543535,0.9240738	air2_right	0,0,0	0,0,0	True	False
2146.713,-11.25501,-1245.05	-0.06940118,-0.3543821,0.1361367,0.9225311	air2_right	0,0,0	0,0,0	True	False
2147.306,-11.18034,-1243.928	-0.06118098,-0.3665146,0.120012,0.9206091	air2_right	0,0,0	0,0,0	True	False
2147.888,-11.11367,-1242.8	-0.05392127,-0.3787508,0.1057715,0.9178522	air2_right	0,0,0	0,0,0	True	False
2148.46,-11.055,-1241.667	-0.04752031,-0.392281,0.09321541,0.9138755	air2_right	0,0,0	0,0,0	True	False
2149.021,-11.00432,-1240.528	0,-0.6295186,0,0.7769855	air_hook_r_just	0,0,0	2114.169,-19.535,-1233.139	True	False
2149.553,-10.93499,-1239.384	0,-0.6295186,0,0.7769855	air_hook_r_just	0,0,0	2114.169,-19.535,-1233.139	True	False
2150.086,-10.87354,-1238.237	0,-0.6295186,0,0.7769855	air_hook_r_just	0,0,0	2114.169,-19.535,-1233.139	True	False
2150.62,-10.81999,-1237.089	-0.0105932,-0.6391604,0.001199063,0.7689996	air_hook_r_just	0,0,0	2114.169,-19.535,-1233.139	True	False
2150.728,-10.88045,-1235.825	-0.01995008,-0.6491885,0.00205277,0.7603631	air_hook_r_just	0,0,0	2114.169,-19.535,-1233.139	True	False
2150.797,-10.95841,-1234.556	-0.02807236,-0.6579508,0.002674921,0.7525327	air_hook_r_just	0,0,0	2114.169,-19.535,-1233.139	True	False
2150.825,-11.05384,-1233.285	-0.03525282,-0.6671044,0.003035293,0.7441235	air_hook_r_just	0,0,0	2114.169,-19.535,-1233.139	True	False
2150.813,-11.16671,-1232.013	-0.04160041,-0.6765827,0.003163057,0.7351838	air_hook_r_just	0,0,0	2114.169,-19.535,-1233.139	True	False
2150.761,-11.29698,-1230.74	-0.04721095,-0.6863248,0.003083987,0.7257548	air_hook_r_just	0,0,0	2114.169,-19.535,-1233.139	True	False
2150.668,-11.44458,-1229.469	-0.05216859,-0.6962745,0.002820876,0.7158718	air_hook_r_just	0,0,0	2114.169,-19.535,-1233.139	True	False
2150.533,-11.60941,-1228.2	-0.05654724,-0.7063807,0.002393881,0.7055658	air_hook_r_just	0,0,0	2114.169,-19.535,-1233.139	True	False
2150.358,-11.79138,-1226.935	-0.06041178,-0.7165971,0.001820841,0.6948638	air_hook_r_just	0,0,0	2114.169,-19.535,-1233.139	True	False
2150.141,-11.99034,-1225.677	-0.06381913,-0.7268815,0.001117602,0.6837903	air_hook_r_just	0,0,0	2114.169,-19.535,-1233.139	True	False
2149.882,-12.20617,-1224.425	-0.06681925,-0.7371956,0.0002982413,0.6723673	air_hook_r_just	0,0,0	2114.169,-19.535,-1233.139	True	False
2149.582,-12.43868,-1223.182	-0.06945595,-0.7475049,-0.0006247196,0.6606148	air_hook_r_just	0,0,0	2114.169,-19.535,-1233.139	True	False
2149.241,-12.6877,-1221.95	-0.0717677,-0.7577784,-0.001640121,0.6485512	air_hook_r_just	0,0,0	2114.169,-19.535,-1233.139	True	False
2148.858,-12.953,-1220.729	-0.0737882,-0.7679881,-0.002737995,0.6361935	air_hook_r_just	0,0,0	2114.169,-19.535,-1233.139	True	False
2148.433,-13.23436,-1219.522	-0.07554708,-0.7781087,-0.003909393,0.6235577	air_hook_r_just	0,0,0	2114.169,-19.535,-1233.139	True	False
2147.968,-13.53152,-1218.33	-0.07707029,-0.7881178,-0.005146292,0.6106587	air_hook_r_just	0,0,0	2114.169,-19.535,-1233.139	True	False
2147.461,-13.8442,-1217.154	-0.07838059,-0.7979952,-0.006441472,0.5975105	air_hook_r_just	0,0,0	2114.169,-19.535,-1233.139	True	False
2146.913,-14.17211,-1215.997	-0.07949801,-0.8077227,-0.007788405,0.5841262	air_hook_r_just	0,0,0	2114.169,-19.535,-1233.139	True	False
2146.325,-14.5149,-1214.859	-0.0804401,-0.8172844,-0.009181194,0.5705184	air_hook_r_just	0,0,0	2114.169,-19.535,-1233.139	True	False
2145.697,-14.87224,-1213.743	-0.08122227,-0.826666,-0.01061447,0.5566989	air_hook_r_just	0,0,0	2114.169,-19.535,-1233.139	True	False
2145.028,-15.24375,-1212.65	-0.08185805,-0.8358547,-0.01208335,0.5426787	air_hook_r_just	0,0,0	2114.169,-19.535,-1233.139	True	False
2144.321,-15.62903,-1211.581	-0.08235938,-0.8448396,-0.01358337,0.5284681	air_hook_r_just	0,0,0	2114.169,-19.535,-1233.139	True	False
2143.574,-16.02764,-1210.538	-0.08273669,-0.8536107,-0.01511046,0.5140769	air_hook_r_just	0,0,0	2114.169,-19.535,-1233.139	True	False
2142.789,-16.43915,-1209.524	-0.08299923,-0.8621596,-0.01666086,0.4995143	air_hook_r_just	0,0,0	2114.169,-19.535,-1233.139	True	False
2141.966,-16.86307,-1208.539	-0.08315512,-0.8704787,-0.01823112,0.4847884	air_hook_r_just	0,0,0	2114.169,-19.535,-1233.139	True	False
2141.105,-17.2989,-1207.585	-0.08321152,-0.8785614,-0.01981802,0.4699073	air_hook_r_just	0,0,0	2114.169,-19.535,-1233.139	True	False
2140.209,-17.7461,-1206.664	-0.08317477,-0.8864022,-0.02141858,0.4548783	air_hook_r_just	0,0,0	2114.169,-19.535,-1233.139	True	False
2139.277,-18.20413,-1205.777	-0.08305051,-0.8939963,-0.02303005,0.4397078	air_hook_r_just	0,0,0	2114.169,-19.535,-1233.139	True	False
2138.311,-18.67239,-1204.926	-0.08284371,-0.9013393,-0.02464985,0.4244018	air_hook_r_just	0,0,0	2114.169,-19.535,-1233.139	True	False
2137.31,-19.15029,-1204.113	-0.08255883,-0.9084277,-0.02627557,0.4089656	air_hook_r_just	0,0,0	2114.169,-19.535,-1233.139	True	False
2136.277,-19.63718,-1203.338	-0.08219983,-0.9152585,-0.02790494,0.3934038	air_hook_r_just	0,0,0	2114.169,-19.535,-1233.139	True	False
2135.213,-20.1284,-1202.604	-0.08177029,-0.9218289,-0.02953584,0.3777206	air_hook_r	0,0,0	2114.169,-19.535,-1233.139	True	False
2134.118,-20.62327,-1201.912	-0.0812734,-0.9281368,-0.03116628,0.3619191	air_hook_r	0,0,0	2114.169,-19.535,-1233.139	True	False
2132.994,-21.12109,-1201.263	-0.08071056,-0.9341809,-0.03278715,0.3460014	air_hook_r	0,0,0	2114.169,-19.535,-1233.139	True	False
2131.842,-21.62115,-1200.658	-0.08008537,-0.9399596,-0.03439729,0.3299685	air_hook_r	0,0,0	2114.169,-19.535,-1233.139	True	False
2130.664,-22.12272,-1200.099	-0.07940108,-0.9454712,-0.03599561,0.3138216	air_hook_r	0,0,0	2114.169,-19.535,-1233.139	True	False
2129.462,-22.62506,-1199.587	-0.0786607,-0.9507142,-0.03758106,0.2975613	air_hook_r	0,0,0	2114.169,-19.535,-1233.139	True	False
2128.236,-23.12743,-1199.123	-0.07786696,-0.9556869,-0.0391527,0.2811873	air_hook_r	0,0,0	2114.169,-19.535,-1233.139	True	False
2126.988,-23.62906,-1198.708	-0.07702241,-0.9603877,-0.04070962,0.2646995	air_hook_r	0,0,0	2114.169,-19.535,-1233.139	True	False
2125.721,-24.12918,-1198.342	-0.07612938,-0.9648145,-0.04225095,0.2480969	air_hook_r	0,0,0	2114.169,-19.535,-1233.139	True	False
2124.435,-24.62701,-1198.028	-0.07519002,-0.9689655,-0.04377593,0.2313783	air_hook_r	0,0,0	2114.169,-19.535,-1233.139	True	False
2123.133,-25.12177,-1197.765	-0.07420636,-0.9728383,-0.04528381,0.2145423	air_hook_r	0,0,0	2114.169,-19.535,-1233.139	True	False
2121.817,-25.61266,-1197.555	-0.07318028,-0.9764304,-0.0467739,0.1975869	air_hook_r	0,0,0	2114.169,-19.535,-1233.139	True	False
2120.487,-26.09888,-1197.398	-0.07211352,-0.9797388,-0.04824557,0.1805102	air_hook_r	0,0,0	2114.169,-19.535,-1233.139	True	False
2119.147,-26.57965,-1197.295	-0.07100774,-0.9827604,-0.04969823,0.16331	air_hook_r	0,0,0	2114.169,-19.535,-1233.139	True	False
2117.798,-27.05414,-1197.246	-0.06986447,-0.9854914,-0.05113133,0.1459839	air_hook_r	0,0,0	2114.169,-19.535,-1233.139	True	False
2116.442,-27.52158,-1197.252	-0.06868517,-0.9879279,-0.05254434,0.1285297	air_hook_r	0,0,0	2114.169,-19.535,-1233.139	True	False
2115.082,-27.98114,-1197.314	-0.06747118,-0.9900655,-0.05393685,0.1109445	air_hook_r	0,0,0	2114.169,-19.535,-1233.139	True	False
2113.719,-28.43204,-1197.431	-0.0662238,-0.9918993,-0.05530835,0.0932266	air_hook_r	0,0,0	2114.169,-19.535,-1233.139	True	False
2112.355,-28.87348,-1197.604	-0.06494424,-0.9934238,-0.05665848,0.07537342	air_hook_r	0,0,0	2114.169,-19.535,-1233.139	True	False
2110.992,-29.30467,-1197.833	-0.06363364,-0.9946334,-0.05798686,0.05738299	air_hook_r	0,0,0	2114.169,-19.535,-1233.139	True	False
2109.634,-29.72483,-1198.117	-0.06229308,-0.9955215,-0.05929312,0.03925367	air_hook_r	0,0,0	2114.169,-19.535,-1233.139	True	False
2108.281,-30.13321,-1198.458	-0.06092355,-0.9960815,-0.06057693,0.02098391	air_hook_r	0,0,0	2114.169,-19.535,-1233.139	True	False
2106.937,-30.52902,-1198.854	-0.05952603,-0.9963062,-0.06183797,0.002572995	air_hook_r	0,0,0	2114.169,-19.535,-1233.139	True	False
2105.603,-30.91154,-1199.306	-0.0581014,-0.9961879,-0.06307595,-0.01597976	air_hook_r	0,0,0	2114.169,-19.535,-1233.139	True	False
2104.282,-31.28002,-1199.813	-0.0566505,-0.9957184,-0.06429058,-0.03467438	air_hook_r	0,0,0	2114.169,-19.535,-1233.139	True	False
2102.975,-31.63376,-1200.375	-0.05517415,-0.9948893,-0.06548154,-0.05350985	air_hook_r	0,0,0	2114.169,-19.535,-1233.139	True	False
2101.686,-31.97206,-1200.99	-0.0536731,-0.9936917,-0.06664856,-0.07248458	air_hook_r	0,0,0	2114.169,-19.535,-1233.139	True	False
2100.416,-32.29423,-1201.659	-0.05214804,-0.9921165,-0.06779135,-0.09159656	air_hook_r	0,0,0	2114.169,-19.535,-1233.139	True	False
2099.167,-32.59964,-1202.381	-0.05059964,-0.9901541,-0.06890961,-0.1108425	air_hook_r	0,0,0	2114.169,-19.535,-1233.139	True	False
2097.917,-32.90945,-1203.103	-0.04902857,-0.9877951,-0.07000301,-0.1302179	air_hook_r	0,0,0	2114.169,-19.535,-1233.139	True	False
2096.665,-33.22369,-1203.827	-0.04753052,-0.9849885,-0.07111616,-0.1499371	air_hook_r	0,0,0	2114.169,-19.535,-1233.139	True	False
2095.411,-33.54236,-1204.551	-0.04609228,-0.9817174,-0.07224753,-0.1699611	air_hook_r	0,0,0	2114.169,-19.535,-1233.139	True	False
2094.156,-33.86545,-1205.277	-0.04470247,-0.9779683,-0.07339516,-0.1902442	air_hook_r	0,0,0	2114.169,-19.535,-1233.139	True	False
2092.899,-34.19298,-1206.003	0,-0.3968618,0,0.9178784	dash	2084.818,-29.16208,-1198.406	2114.169,-19.535,-1233.139	True	False
2091.628,-34.45356,-1206.719	0,-0.3968618,0,0.9178784	dash	2084.818,-29.16208,-1198.406	2114.169,-19.535,-1233.139	True	False
2090.351,-34.71457,-1207.431	0,-0.3968618,0,0.9178784	dash	2084.818,-29.16208,-1198.406	2114.169,-19.535,-1233.139	True	False
2089.072,-34.97992,-1208.143	0,-0.2954994,0,0.9553429	dash	2084.818,-29.16208,-1198.406	2114.169,-19.535,-1233.139	True	False
2087.791,-35.24964,-1208.856	0,-0.1993585,0,0.9799266	dash	2084.818,-29.16208,-1198.406	2114.169,-19.535,-1233.139	True	False
2086.509,-35.52372,-1209.57	0,-0.1489116,0,0.9888505	dash	2084.818,-29.16208,-1198.406	2114.169,-19.535,-1233.139	True	False
2085.224,-35.80216,-1210.285	0,-0.08935802,0,0.9959996	dash	2084.818,-29.16208,-1198.406	0,0,0	True	False
2083.938,-36.08498,-1211	0,-0.03403183,0,0.9994208	dash	2084.818,-29.16208,-1198.406	0,0,0	True	False
2082.651,-36.37217,-1211.717	-0.01043271,0.01448675,-0.004770239,0.9998293	dash	2084.818,-29.16208,-1198.406	0,0,0	True	False
2081.362,-36.66375,-1212.435	-0.01812986,0.02918194,-0.01137026,0.999345	dash	2084.818,-29.16208,-1198.406	0,0,0	True	False
2080.071,-36.95971,-1213.154	-0.02528648,0.04809784,-0.01673016,0.9983823	dash	2084.818,-29.16208,-1198.406	0,0,0	True	False
2078.778,-37.26007,-1213.874	-0.03190754,0.06995599,-0.02104242,0.9968176	dash	2084.818,-29.16208,-1198.406	0,0,0	True	False
2077.483,-37.56483,-1214.594	-0.03800497,0.09370922,-0.02447384,0.9945729	dash	2084.818,-29.16208,-1198.406	0,0,0	True	False
2076.187,-37.87399,-1215.316	-0.04359652,0.1185214,-0.02716708,0.9916219	dash	2084.818,-29.16208,-1198.406	0,0,0	True	False
2074.889,-38.18755,-1216.038	-0.04870461,0.1437393,-0.02924333,0.9879837	dash	2084.818,-29.16208,-1198.406	0,0,0	True	False
2073.59,-38.50553,-1216.762	-0.05335516,0.1688637,-0.0308053,0.983712	dash	2084.818,-29.16208,-1198.406	0,0,0	True	False
2072.289,-38.82792,-1217.486	-0.05757652,0.1935218,-0.03193993,0.9788841	dash	2084.818,-29.16208,-1198.406	0,0,0	True	False
2070.999,-38.39059,-1216.801	-0.06139846,0.2174433,-0.03272083,0.9735903	dash	2084.818,-29.16208,-1198.406	0,0,0	True	False
2069.76,-37.92115,-1216.043	-0.0641969,0.2348049,-0.03276378,0.9693668	dash	2084.818,-29.16208,-1198.406	0,0,0	True	False
2068.579,-37.42139,-1215.217	-0.06681999,0.2536769,-0.03252801,0.9644299	dash	2084.818,-29.16208,-1198.406	0,0,0	True	False
2067.458,-36.89317,-1214.325	-0.0692772,0.2737767,-0.03204397,0.9587597	dash	2084.818,-29.16208,-1198.406	0,0,0	True	False
2066.402,-36.3385,-1213.37	-0.07157647,0.2948543,-0.03133855,0.9523422	dash	2084.818,-29.16208,-1198.406	0,0,0	True	False
2065.345,-35.7871,-1212.415	-0.07372452,0.3166885,-0.03043562,0.9451703	dash	2084.818,-29.16208,-1198.406	0,0,0	True	False
2064.287,-35.23898,-1211.458	-0.07583617,0.3394213,-0.02948955,0.9371086	dash	2084.818,-29.16208,-1198.406	0,0,0	True	False
2063.228,-34.69415,-1210.5	-0.07791331,0.3628244,-0.02849856,0.9281572	dash	2084.818,-29.16208,-1198.406	0,0,0	True	False
2062.167,-34.1526,-1209.54	-0.07995538,0.3866726,-0.02746208,0.9183339	dash	2084.818,-29.16208,-1198.406	0,0,0	True	False
2061.104,-33.61434,-1208.579	-0.08193076,0.4107546,-0.02633991,0.9076752	dash	2084.818,-29.16208,-1198.406	0,0,0	True	False
2060.041,-33.07938,-1207.617	-0.08373941,0.4348818,-0.02501237,0.8962365	dash	2084.818,-29.16208,-1198.406	0,0,0	True	False
2058.976,-32.54773,-1206.654	-0.08538643,0.4588632,-0.02351439,0.8840819	dash	2084.818,-29.16208,-1198.406	0,0,0	True	False
2057.909,-32.01938,-1205.69	-0.08687728,0.4825274,-0.02187821,0.871287	dash	2084.818,-29.16208,-1198.406	0,0,0	True	False
2056.841,-31.49434,-1204.724	-0.08821799,0.5057241,-0.02013338,0.8579367	dash	2084.818,-29.16208,-1198.406	0,0,0	True	False
2055.772,-30.97261,-1203.757	-0.08941523,0.5283254,-0.01830671,0.8441221	dash	2084.818,-29.16208,-1198.406	0,0,0	True	False
2054.701,-30.4542,-1202.788	-0.09047628,0.5502262,-0.01642226,0.8299371	dash	2084.818,-29.16208,-1198.406	0,0,0	True	False
2053.629,-29.93912,-1201.819	-0.09140897,0.5713429,-0.01450136,0.8154762	dash	2084.818,-29.16208,-1198.406	0,0,0	True	False
2052.555,-29.42736,-1200.848	-0.09222156,0.5916132,-0.01256273,0.8008316	air_hook_l	2084.818,-29.16208,-1198.406	0,0,0	True	False
2051.48,-28.91894,-1199.876	-0.09292258,0.6109936,-0.01062253,0.7860912	air_hook_l	2084.818,-29.16208,-1198.406	0,0,0	True	False
2051.473,-28.24896,-1198.496	-0.0935207,0.6294575,-0.008694571,0.7713375	air_hook_l	2084.818,-29.16208,-1198.406	0,0,0	True	False
2051.536,-27.58829,-1197.114	-0.09355454,0.6433164,-0.006879607,0.7598317	air_hook_l	2084.818,-29.16208,-1198.406	0,0,0	True	False
2051.669,-26.93834,-1195.733	-0.09357306,0.6571521,-0.005068959,0.7479101	air_hook_l	2084.818,-29.16208,-1198.406	0,0,0	True	False
2051.871,-26.30046,-1194.357	-0.09357464,0.6709358,-0.003261738,0.7355803	air_hook_l	2084.818,-29.16208,-1198.406	0,0,0	True	False
2052.143,-25.67598,-1192.989	-0.09355793,0.6846431,-0.001457034,0.7228475	air_hook_l	2084.818,-29.16208,-1198.406	0,0,0	True	False
2052.483,-25.06621,-1191.63	-0.09352191,0.6982529,0.0003460678,0.7097158	air_hook_l	2084.818,-29.16208,-1198.406	0,0,0	True	False
2052.891,-24.47239,-1190.284	-0.09346569,0.7117463,0.002148539,0.6961873	air_hook_l	2084.818,-29.16208,-1198.406	0,0,0	True	False
2053.365,-23.89576,-1188.954	-0.09338856,0.7251073,0.003951387,0.6822628	air_hook_l	2084.818,-29.16208,-1198.406	0,0,0	True	False
2053.905,-23.3375,-1187.642	-0.09328986,0.7383209,0.005755645,0.6679418	air_hook_l	2084.818,-29.16208,-1198.406	0,0,0	True	False
2054.509,-22.79875,-1186.351	-0.09316899,0.7513736,0.007562392,0.6532229	air_hook_l	2084.818,-29.16208,-1198.406	0,0,0	True	False
2055.176,-22.28061,-1185.084	-0.09302533,0.7642527,0.009372742,0.6381037	air_hook_l	2084.818,-29.16208,-1198.406	0,0,0	True	False
2055.905,-21.78413,-1183.843	-0.09285825,0.7769458,0.01118782,0.6225812	air_hook_l	2084.818,-29.16208,-1198.406	0,0,0	True	False
2056.693,-21.31035,-1182.63	-0.09266705,0.789441,0.01300876,0.6066519	air_hook_l	2084.818,-29.16208,-1198.406	0,0,0	True	False
2057.54,-20.86021,-1181.449	-0.09245089,0.801726,0.0148367,0.5903119	air_hook_l	2084.818,-29.16208,-1198.406	0,0,0	True	False
2058.443,-20.43465,-1180.302	-0.09220888,0.8137883,0.01667273,0.5735575	air_hook_l	2084.818,-29.16208,-1198.406	0,0,0	True	False
2059.401,-20.03454,-1179.191	-0.09193995,0.8256148,0.01851791,0.556385	air_hook_l	0,0,0	0,0,0	True	False
2060.365,-19.64243,-1178.069	-0.09164294,0.8371919,0.02037322,0.5387915	air2_left	0,0,0	0,0,0	True	False
2061.336,-19.25832,-1176.937	-0.08295532,0.7902951,0.01844187,0.6068048	air2_left	0,0,0	0,0,0	True	False
2062.312,-18.88221,-1175.794	-0.07464816,0.743431,0.01659509,0.6644266	air2_left	0,0,0	0,0,0	True	False
2063.294,-18.5141,-1174.641	-0.06685425,0.6979334,0.01486242,0.7128805	air2_left	0,0,0	0,0,0	True	False
2064.283,-18.15399,-1173.478	-0.05964762,0.6547003,0.01326031,0.7534148	air2	0,0,0	0,0,0	True	False
2065.278,-17.80188,-1172.304	-0.05305833,0.6142811,0.01179544,0.7872131	air2	0,0,0	0,0,0	True	False
2066.278,-17.45777,-1171.121	-0.04708545,0.5769604,0.0104676,0.8153466	air2	0,0,0	0,0,0	True	False
2067.285,-17.12166,-1169.926	-0.04170741,0.542832,0.009272008,0.8387538	air2	0,0,0	0,0,0	True	False
2068.298,-16.79355,-1168.722	-0.03688998,0.511857,0.008201042,0.8582391	air2	0,0,0	0,0,0	True	False
2069.317,-16.47344,-1167.507	-0.03259198,0.4839102,0.007245549,0.8744805	air2	0,0,0	0,0,0	True	False
2070.342,-16.16133,-1166.282	-0.02876927,0.4588134,0.00639572,0.8880438	air2	0,0,0	0,0,0	True	False
2071.374,-15.85722,-1165.046	-0.02537745,0.4363597,0.005641681,0.8993967	air2	0,0,0	0,0,0	True	False
2072.411,-15.56111,-1163.8	-0.02237353,0.4163303,0.004973878,0.9089245	air2	0,0,0	0,0,0	True	False
2073.454,-15.273,-1162.544	-0.01971699,0.3985061,0.0043833,0.9169433	air2	0,0,0	0,0,0	True	False
2074.504,-14.99289,-1161.277	-0.01737027,0.3826747,0.003861598,0.9237118	air2	0,0,0	0,0,0	True	False
2075.56,-14.72078,-1160	-0.01529902,0.3686353,0.003401138,0.929442	air2	0,0,0	0,0,0	True	False
2076.621,-14.45667,-1158.713	-0.01347214,0.3562008,0.002995002,0.9343075	air2	0,0,0	0,0,0	True	False
2077.689,-14.20055,-1157.416	-0.01186162,0.3451991,0.002636967,0.9384508	air2	0,0,0	0,0,0	True	False
2078.763,-13.95244,-1156.108	-0.01044242,0.3354735,0.002321462,0.9419889	air2	0,0,0	0,0,0	True	False
2079.843,-13.71233,-1154.789	-0.009192182,0.3268821,0.002043522,0.9450183	air2	0,0,0	0,0,0	True	False
2080.929,-13.48022,-1153.461	-0.008091066,0.3192968,0.001798732,0.9476185	air2	0,0,0	0,0,0	True	False
2082.021,-13.25611,-1152.122	-0.007121465,0.3126032,0.001583179,0.9498558	air2	0,0,0	0,0,0	True	False
2083.119,-13.04,-1150.772	-0.006267794,0.3066989,0.001393399,0.951785	air2	0,0,0	0,0,0	True	False
2084.223,-12.83189,-1149.413	-0.005516275,0.3014925,0.001226328,0.9534518	air2	0,0,0	0,0,0	True	False
2085.333,-12.63178,-1148.043	-0.004854743,0.296903,0.001079262,0.9548947	air2	0,0,0	0,0,0	True	False
2086.45,-12.43967,-1146.662	-0.00427246,0.292858,0.0009498143,0.9561459	air2	0,0,0	0,0,0	True	False
2087.573,-12.25556,-1145.272	-0.00375996,0.2892939,0.0008358801,0.9572326	air2	0,0,0	0,0,0	True	False
2088.701,-12.07945,-1143.871	-0.003308898,0.2861539,0.000735604,0.9581777	air2	0,0,0	0,0,0	True	False
2089.836,-11.91134,-1142.459	-0.002911921,0.283388,0.0006473517,0.9590007	air2	0,0,0	0,0,0	True	False
2090.977,-11.75123,-1141.038	-0.002562552,0.2809521,0.0005696832,0.9597183	air2	0,0,0	0,0,0	True	False
2092.124,-11.59912,-1139.606	-0.002255088,0.2788068,0.0005013306,0.9603445	air2	0,0,0	0,0,0	True	False
2093.277,-11.45501,-1138.163	-0.001984506,0.2769178,0.0004411773,0.9608915	air2	0,0,0	0,0,0	True	False
2094.436,-11.3189,-1136.711	-0.001746385,0.2752545,0.0003882404,0.9613698	air2	0,0,0	0,0,0	True	False
2095.601,-11.19079,-1135.248	-0.001536832,0.2737902,0.0003416545,0.9617882	air2	0,0,0	0,0,0	True	False
2096.773,-11.07068,-1133.774	-0.001352421,0.272501,0.000300658,0.9621545	air2	0,0,0	0,0,0	True	False
2097.95,-10.95857,-1132.291	-0.001190137,0.2713661,0.0002645804,0.9624755	air2	0,0,0	0,0,0	True	False
2099.134,-10.85445,-1130.797	-0.001047325,0.270367,0.0002328317,0.9627568	air2	0,0,0	0,0,0	True	False
2100.323,-10.75834,-1129.292	-0.0009216488,0.2694876,0.0002048925,0.9630034	air2	0,0,0	0,0,0	True	False
2101.519,-10.67023,-1127.777	-0.000811053,0.2687136,0.0001803059,0.9632198	air2	0,0,0	0,0,0	True	False
2102.72,-10.59012,-1126.252	-0.000713728,0.2680323,0.0001586695,0.9634097	air2	0,0,0	0,0,0	True	False
2103.928,-10.51801,-1124.717	-0.0006280815,0.2674326,0.0001396293,0.9635764	air2	0,0,0	0,0,0	True	False
2105.142,-10.4539,-1123.171	-0.0005527124,0.2669047,0.000122874,0.9637228	air2	0,0,0	0,0,0	True	False
2106.362,-10.39779,-1121.615	-0.0004863873,0.2664402,0.0001081292,0.9638513	air2	0,0,0	0,0,0	True	False
2107.588,-10.34968,-1120.049	-0.0004280212,0.2660314,9.515374E-05,0.9639643	air2	0,0,0	0,0,0	True	False
2108.82,-10.30957,-1118.472	-0.0003766588,0.2656715,8.373533E-05,0.9640636	air2	0,0,0	0,0,0	True	False
2110.058,-10.27746,-1116.885	-0.0003314599,0.2653548,7.368712E-05,0.9641508	air2	0,0,0	0,0,0	True	False
2111.303,-10.25335,-1115.287	-0.0002916848,0.2650761,6.484468E-05,0.9642274	air2	0,0,0	0,0,0	True	False
2112.553,-10.23724,-1113.679	-0.0002566827,0.2648309,5.706333E-05,0.9642949	air2	0,0,0	0,0,0	True	False
2113.81,-10.22913,-1112.061	-0.0002258808,0.264615,5.021575E-05,0.9643542	air2	0,0,0	0,0,0	True	False
2115.073,-10.22902,-1110.433	-0.0001987751,0.264425,4.418986E-05,0.9644063	air2	0,0,0	0,0,0	True	False
2116.341,-10.23691,-1108.794	-0.0001749221,0.2642578,3.888708E-05,0.9644521	air2	0,0,0	0,0,0	True	False
2117.616,-10.2528,-1107.145	-0.0001539315,0.2641107,3.422063E-05,0.9644924	air2	0,0,0	0,0,0	True	False
2118.897,-10.27669,-1105.485	-0.0001354597,0.2639813,3.011416E-05,0.9645278	air2	0,0,0	0,0,0	True	False
2120.184,-10.30858,-1103.816	-0.0001192046,0.2638673,2.650046E-05,0.964559	air2	0,0,0	0,0,0	True	False
2121.478,-10.34846,-1102.135	-0.0001049,0.2637671,2.332041E-05,0.9645864	air2	0,0,0	0,0,0	True	False
2122.777,-10.39635,-1100.445	-9.231202E-05,0.2636788,2.052196E-05,0.9646105	air2	0,0,0	0,0,0	True	False
2124.082,-10.45224,-1098.744	-8.123458E-05,0.2636012,1.805933E-05,0.9646317	air2	0,0,0	0,0,0	True	False
2125.393,-10.51613,-1097.033	-7.148644E-05,0.2635329,1.589221E-05,0.9646505	air2	0,0,0	0,0,0	True	False
2126.71,-10.58802,-1095.311	-6.290806E-05,0.2634727,1.398514E-05,0.9646668	air2	0,0,0	0,0,0	True	False
2128.034,-10.66791,-1093.579	-5.53591E-05,0.2634198,1.230693E-05,0.9646813	air2	0,0,0	0,0,0	True	False
2129.364,-10.7558,-1091.837	-4.871601E-05,0.2633733,1.08301E-05,0.964694	air2	0,0,0	0,0,0	True	False
2130.699,-10.85169,-1090.085	-4.287009E-05,0.2633322,9.530485E-06,0.9647052	attack2	0,0,0	0,0,0	True	False
2132.041,-10.95558,-1088.322	-3.772568E-05,0.2632962,8.386827E-06,0.9647151	attack2	0,0,0	0,0,0	True	False
2133.389,-11.06747,-1086.549	0.002282152,0.2632637,-0.0006238578,0.964721	attack2	0,0,0	0,0,0	True	False
2134.743,-11.18736,-1084.765	0.004501922,0.2632337,-0.001228837,0.9647208	attack2	0,0,0	0,0,0	True	False
2136.103,-11.31525,-1082.971	0.00663468,0.2632057,-0.001810118,0.9647152	attack2	0,0,0	0,0,0	True	False
2137.469,-11.45114,-1081.167	0.008689032,0.2631796,-0.002370045,0.9647048	attack2	0,0,0	0,0,0	True	False
2138.842,-11.59503,-1079.352	0.01067258,0.2631552,-0.002910687,0.9646901	attack2	0,0,0	0,0,0	True	False
2140.22,-11.74692,-1077.527	0.01259204,0.2631321,-0.003433872,0.9646716	attack2	0,0,0	0,0,0	True	False
2141.604,-11.90681,-1075.692	0.01445334,0.2631103,-0.003941215,0.9646495	attack2	0,0,0	0,0,0	True	False
2142.995,-12.0747,-1073.847	0.01626171,0.2630894,-0.00443414,0.9646242	attack2	0,0,0	0,0,0	True	False
2144.392,-12.25059,-1071.991	0.01802178,0.2630695,-0.004913911,0.9645961	attack2	0,0,0	0,0,0	True	False
2145.795,-12.43448,-1070.124	0.01973766,0.2630503,-0.005381642,0.9645652	attack2	0,0,0	0,0,0	True	False
2147.204,-12.62637,-1068.248	0.02141297,0.2630317,-0.005838322,0.9645318	attack2	0,0,0	0,0,0	True	False
2148.618,-12.82625,-1066.361	0.02305094,0.2630136,-0.006284827,0.9644963	attack2	0,0,0	0,0,0	True	False
2150.039,-13.03414,-1064.463	0.0246544,0.262996,-0.006721933,0.9644585	attack2	0,0,0	0,0,0	True	False
2151.467,-13.25003,-1062.556	0.0262259,0.2629786,-0.00715033,0.9644186	attack2	0,0,0	0,0,0	True	False
2152.9,-13.47392,-1060.638	0.02776209,0.2634663,-0.007591085,0.9642392	attack2	0,0,0	0,0,0	True	False
2154.339,-13.70581,-1058.71	0.02927088,0.2638935,-0.008022473,0.9640743	attack2	0,0,0	0,0,0	True	False
2155.785,-13.9457,-1056.771	0.0307574,0.2642674,-0.008446132,0.9639219	attack2	0,0,0	0,0,0	True	False
2157.237,-14.19359,-1054.823	0.03222259,0.2645944,-0.008862505,0.9637806	attack2	0,0,0	0,0,0	True	False
2158.695,-14.44948,-1052.864	0.0336673,0.2648802,-0.009271992,0.9636489	attack2	0,0,0	0,0,0	True	False
2160.159,-14.71337,-1050.894	0.03509231,0.2651296,-0.009674959,0.9635254	attack2	0,0,0	0,0,0	True	False
2161.63,-14.98526,-1048.915	0.03649835,0.265347,-0.01007173,0.9634092	attack2	0,0,0	0,0,0	True	False
2163.107,-15.26515,-1046.925	0.03787561,0.2662924,-0.01050035,0.9630907	attack2	0,0,0	0,0,0	True	False
2164.591,-15.55304,-1044.926	0.0392214,0.2681294,-0.01097128,0.9625217	attack2	0,0,0	0,0,0	True	False
2166.082,-15.84893,-1042.916	0.04053886,0.2710011,-0.01149643,0.9616563	attack2	0,0,0	0,0,0	True	False
2167.579,-16.15282,-1040.897	0.04183568,0.2747804,-0.01207428,0.9605206	attack2	0,0,0	0,0,0	True	False
2169.084,-16.46471,-1038.869	0.04312418,0.2791036,-0.01269033,0.9592083	attack2	0,0,0	0,0,0	True	False
2170.596,-16.7846,-1036.83	0.04441935,0.2834016,-0.01331654,0.9578795	air2	0,0,0	0,0,0	True	False
2172.116,-17.11248,-1034.782	0.04573277,0.287176,-0.01392534,0.9566842	air2	0,0,0	0,0,0	True	False
2173.642,-17.44837,-1032.725	0.0402515,0.2905912,-0.01225633,0.9559218	air2	0,0,0	0,0,0	True	False
2175.176,-17.79226,-1030.658	0.03542607,0.2938363,-0.01078701,0.9551381	air2	0,0,0	0,0,0	True	False
2176.718,-18.14415,-1028.582	0.03117926,0.2979329,-0.009493886,0.9540303	air2	0,0,0	0,0,0	True	False
2178.268,-18.50404,-1026.497	0.0274427,0.3035241,-0.008356129,0.9523919	air2	0,0,0	0,0,0	True	False
2179.826,-18.87193,-1024.403	0.02415492,0.310174,-0.007355019,0.9503444	air2	0,0,0	0,0,0	True	False
2181.392,-19.24782,-1022.301	0.02126076,0.3167557,-0.006473767,0.9482468	air2	0,0,0	0,0,0	True	False
2182.966,-19.63171,-1020.189	0.01871249,0.3225337,-0.005697836,0.9463559	air2	0,0,0	0,0,0	True	False
2184.548,-20.0236,-1018.069	0.01646906,0.3276072,-0.005014723,0.9446572	air2	0,0,0	0,0,0	True	False
2186.139,-20.42349,-1015.94	0.01449418,0.332063,-0.004413384,0.9431356	air2	0,0,0	0,0,0	True	False
2187.738,-20.83138,-1013.802	0.01275583,0.3359772,-0.00388407,0.9417757	air2	0,0,0	0,0,0	True	False
2189.344,-21.24727,-1011.656	0.01122587,0.3396623,-0.003418205,0.9404743	air2	0,0,0	0,0,0	True	False
2190.96,-21.67116,-1009.501	0.00987933,0.3431463,-0.003008193,0.9392252	air2	0,0,0	0,0,0	True	False
2192.583,-22.10304,-1007.337	0.008694255,0.3464534,-0.002647345,0.9380232	air2	0,0,0	0,0,0	True	False
2194.215,-22.54293,-1005.164	0.007651345,0.3498501,-0.002329786,0.9367715	air2	0,0,0	0,0,0	True	False
2195.856,-22.99082,-1002.984	0.006733596,0.3535699,-0.002050337,0.9353817	air2	0,0,0	0,0,0	True	False
2197.505,-23.44671,-1000.795	0.005926081,0.3580605,-0.001804454,0.9336779	air2	0,0,0	0,0,0	True	False
2199.163,-23.9106,-998.5977	0.005215495,0.362981,-0.001588085,0.9317806	air2	0,0,0	0,0,0	True	False
2200.83,-24.38249,-996.3926	0.004590047,0.3675462,-0.00139764,0.9299929	air2	0,0,0	0,0,0	True	False
2202.506,-24.86238,-994.1793	0.004039557,0.3717993,-0.001230019,0.9283035	air2	0,0,0	0,0,0	True	False
2204.191,-25.35027,-991.9583	0.003555053,0.3757783,-0.001082491,0.9267021	air2	0,0,0	0,0,0	True	False
2205.886,-25.84616,-989.7297	0.003128777,0.3807265,-0.0009526927,0.924682	air2	0,0,0	0,0,0	True	False
2207.59,-26.35005,-987.4942	0.002753792,0.3870026,-0.0008385121,0.9220741	air2	0,0,0	0,0,0	True	False
2209.304,-26.86194,-985.2527	0.002424165,0.3958751,-0.0007381429,0.9183009	air2	0,0,0	0,0,0	True	False
2211.03,-27.38183,-983.0063	0.002134854,0.4089012,-0.0006500497,0.912576	air2	0,0,0	0,0,0	True	False
2212.767,-27.90972,-980.7563	0.00188085,0.4250219,-0.0005727069,0.905181	air2	0,0,0	0,0,0	True	False
2214.516,-28.4456,-978.5045	0.001658652,0.4465516,-0.000505049,0.8947562	air2	0,0,0	0,0,0	True	False
2216.277,-28.98949,-976.2521	0.001464199,0.4723786,-0.0004458394,0.8813944	air2	0,0,0	0,0,0	True	False
2218.049,-29.54138,-973.9995	0.001293352,0.5001741,-0.0003938176,0.8659238	air2	0,0,0	0,0,0	True	False
2219.834,-30.10127,-971.7468	0.001142058,0.5262498,-0.0003477495,0.8503292	air2	0,0,0	0,0,0	True	False
2221.631,-30.66916,-969.494	0.001007742,0.5490692,-0.0003068509,0.8357762	air2	0,0,0	0,0,0	True	False
2223.44,-31.24505,-967.241	0.0008886813,0.5688589,-0.0002705978,0.8224347	air2	0,0,0	0,0,0	True	False
2225.261,-31.82894,-964.988	0.0007833173,0.5860336,-0.0002385151,0.8102864	air2	0,0,0	0,0,0	True	False
2227.094,-32.42083,-962.7349	0.0006901922,0.6009515,-0.0002101591,0.7992852	air2	0,0,0	0,0,0	True	False
2228.938,-33.02072,-960.4817	0.0006079653,0.6139211,-0.0001851215,0.7893672	air2	0,0,0	0,0,0	True	False
2230.795,-33.6286,-958.2283	0.0005354163,0.6252075,-0.0001630308,0.7804584	air2	0,0,0	0,0,0	True	False
2232.664,-34.2445,-955.9749	0.0004714439,0.6350384,-0.0001435517,0.7724804	air2	0,0,0	0,0,0	True	False
2234.545,-34.86839,-953.7214	0,0.8828481,0,0.4696586	air_hook_l_just	2254.59,-28.32593,-967.2295	0,0,0	True	False
2236.452,-35.41545,-951.4773	0,0.8828481,0,0.4696586	air_hook_l_just	2254.59,-28.32593,-967.2295	0,0,0	True	False
2238.36,-35.96688,-949.2318	0,0.8828481,0,0.4696586	air_hook_l_just	2254.59,-28.32593,-967.2295	0,0,0	True	False
2240.27,-36.52269,-946.9847	-0.0124474,0.8899503,0.01211439,0.4557268	air_hook_l_just	2254.59,-28.32593,-967.2295	0,0,0	True	False
2242.18,-37.08286,-944.7361	-0.02291001,0.8992596,0.02353897,0.4361804	air_hook_l_just	2254.59,-28.32593,-967.2295	0,0,0	True	False
2244.093,-37.6474,-942.4861	-0.0316209,0.9100801,0.03433361,0.4117954	air_hook_l_just	2254.59,-28.32593,-967.2295	0,0,0	True	False
2246.006,-38.21632,-940.2346	-0.03860382,0.9217023,0.04456494,0.3833911	air_hook_l_just	2254.59,-28.32593,-967.2295	0,0,0	True	False
2247.92,-38.78962,-937.9815	-0.04398011,0.933457,0.05423316,0.3518274	air_hook_l_just	2254.59,-28.32593,-967.2295	0,0,0	True	False
2249.836,-39.3673,-935.727	-0.04798107,0.94477,0.06330948,0.3179613	air_hook_l_just	2254.59,-28.32593,-967.2295	0,0,0	True	False
2251.754,-39.94936,-933.4709	-0.05081746,0.9552007,0.0717717,0.2825916	air_hook_l_just	2254.59,-28.32593,-967.2295	0,0,0	True	False
2253.672,-40.53581,-931.2134	-0.05267798,0.9644474,0.07960784,0.2464323	air_hook_l_just	2254.59,-28.32593,-967.2295	0,0,0	True	False
2255.592,-41.12664,-928.9544	-0.05372937,0.9723346,0.08681739,0.2100985	air_hook_l_just	2254.59,-28.32593,-967.2295	0,0,0	True	False
2257.513,-41.72187,-926.6939	-0.05411731,0.9787921,0.09341102,0.1741024	air_hook_l_just	2254.59,-28.32593,-967.2295	0,0,0	True	False
2259.435,-42.32149,-924.4319	-0.0539679,0.9838315,0.09940898,0.1388555	air_hook_l_just	2254.59,-28.32593,-967.2295	0,0,0	True	False
2261.359,-42.92551,-922.1684	-0.05338931,0.9875228,0.1048392,0.1046763	air_hook_l_just	2254.59,-28.32593,-967.2295	0,0,0	True	False
2263.283,-43.53392,-919.9034	-0.05247359,0.9899744,0.1097352,0.07180043	air_hook_l_just	2254.59,-28.32593,-967.2295	0,0,0	True	False
2265.209,-44.14674,-917.6369	-0.05129852,0.9913175,0.114134,0.0403925	air_hook_l_just	2254.59,-28.32593,-967.2295	0,0,0	True	False
2267.137,-44.76396,-915.3689	-0.04992921,0.9916925,0.1180745,0.01055731	air_hook_l_just	2254.59,-28.32593,-967.2295	0,0,0	True	False
2269.065,-45.38559,-913.0994	-0.04841976,0.9912409,0.1215959,-0.01764945	air_hook_l_just	2254.59,-28.32593,-967.2295	0,0,0	True	False
2270.995,-46.01163,-910.8284	-0.0468147,0.9900982,0.124737,-0.04421121	air_hook_l_just	2254.59,-28.32593,-967.2295	0,0,0	True	False
2272.927,-46.64207,-908.556	-0.04515029,0.9883904,0.1275348,-0.06914227	air_hook_l_just	2254.59,-28.32593,-967.2295	0,0,0	True	False
2274.859,-47.27694,-906.282	-0.04345585,0.9862316,0.1300244,-0.09247965	air_hook_l_just	2254.59,-28.32593,-967.2295	0,0,0	True	False
2276.792,-47.91621,-904.0066	-0.04175475,0.9837226,0.1322385,-0.1142773	air_hook_l_just	2254.59,-28.32593,-967.2295	0,0,0	True	False
2278.746,-48.55409,-901.744	-0.04006543,0.9809515,0.1342071,-0.1346009	air_hook_l_just	2254.59,-28.32593,-967.2295	0,0,0	True	False
2280.737,-49.18501,-899.5085	-0.03840884,0.9780007,0.1359557,-0.1534782	air_hook_l_just	2254.59,-28.32593,-967.2295	0,0,0	True	False
2282.764,-49.80936,-897.2997	-0.03679855,0.9749393,0.1375085,-0.1709695	air_hook_l_just	2254.59,-28.32593,-967.2295	0,0,0	True	False
2285.584,-49.322,-898.3928	-0.03523557,0.9718142,0.1388903,-0.1872034	air_hook_l_just	2254.59,-28.32593,-967.2295	0,0,0	True	False
2288.357,-48.80615,-899.5924	-0.03405178,0.9701009,0.1396606,-0.1955493	air_hook_l_just	2254.59,-28.32593,-967.2295	0,0,0	True	False
2291.078,-48.26256,-900.8967	-0.03267825,0.9680404,0.1404213,-0.2052115	air_hook_l_just	2254.59,-28.32593,-967.2295	0,0,0	True	False
2293.801,-47.72262,-902.2019	-0.03113702,0.9656295,0.141167,-0.2160139	air_hook_l_just	2254.59,-28.32593,-967.2295	0,0,0	True	False
2296.526,-47.18632,-903.5079	-0.02952319,0.9628065,0.1419356,-0.2280054	air_hook_l_just	2254.59,-28.32593,-967.2295	0,0,0	True	False
2299.253,-46.65368,-904.8148	-0.02784355,0.9595655,0.1427209,-0.2410178	air_hook_l_just	2254.59,-28.32593,-967.2295	0,0,0	True	False
2301.981,-46.12468,-906.1224	-0.02610479,0.9559029,0.1435167,-0.2548943	air_hook_l_just	2254.59,-28.32593,-967.2295	0,0,0	True	False
2304.711,-45.59935,-907.431	-0.02431364,0.9518181,0.1443171,-0.2694879	air_hook_l_just	2254.59,-28.32593,-967.2295	0,0,0	True	False
2307.443,-45.07767,-908.7404	-0.02247678,0.9473139,0.1451163,-0.284662	air_hook_l	2254.59,-28.32593,-967.2295	0,0,0	True	False
2310.177,-44.55965,-910.0506	-0.02049245,0.9424012,0.1458598,-0.3003083	air_hook_l	2254.59,-28.32593,-967.2295	0,0,0	True	False
2312.912,-44.04529,-911.3617	-0.01837309,0.93709,0.1465398,-0.3163082	air_hook_l	2254.59,-28.32593,-967.2295	0,0,0	True	False
2315.649,-43.5346,-912.6736	-0.01614169,0.9313942,0.1471544,-0.3325505	air_hook_l	2254.59,-28.32593,-967.2295	0,0,0	True	False
2318.388,-43.02758,-913.9865	-0.01381939,0.9253317,0.1477026,-0.3489329	air_hook_l	2254.59,-28.32593,-967.2295	0,0,0	True	False
2321.129,-42.52423,-915.3001	-0.01142563,0.9189239,0.1481839,-0.3653626	air_hook_l	2254.59,-28.32593,-967.2295	0,0,0	True	False
2323.871,-42.02455,-916.6146	-0.008978194,0.9121954,0.1485987,-0.3817558	air_hook_l	2254.59,-28.32593,-967.2295	0,0,0	True	False
2278.72,-28.44112,-1304.054	0.1152525,0.971865,0.06391815,-0.1952173	air2	0,0,0	0,0,0	True	False
2277.223,-28.3927,-1306.042	0.1069401,0.9704131,0.05950705,-0.2081373	air2	0,0,0	0,0,0	True	False
2275.871,-28.34901,-1307.836	0.0993798,0.9688807,0.05549443,-0.2198051	air2	0,0,0	0,0,0	True	False
2273.975,-28.29531,-1310.336	0.09165081,0.9670889,0.05129213,-0.2317507	air2	0,0,0	0,0,0	True	False
2272.05,-28.28036,-1312.862	0.0835986,0.9649941,0.04689257,-0.2441284	air2	0,0,0	0,0,0	True	False
2270.333,-28.26642,-1315.114	0.07701901,0.9631137,0.04329741,-0.2541758	air2	0,0,0	0,0,0	True	False
2268.766,-28.25293,-1317.167	0.07179309,0.9615127,0.04044178,-0.2621137	air2	0,0,0	0,0,0	True	False
2267.405,-28.24282,-1318.955	0.06557565,0.9594845,0.03704419,-0.2715087	air2	0,0,0	0,0,0	True	False
2265.32,-28.23507,-1321.685	0.06027823,0.9598673,0.03409741,-0.2717697	air2	0,0,0	0,0,0	True	False
2263.414,-28.26431,-1324.211	0.05548685,0.9601827,0.03143211,-0.271997	air2	0,0,0	0,0,0	True	False
2261.683,-28.29105,-1326.506	0.05101249,0.9604511,0.02894314,-0.2722017	air2	0,0,0	0,0,0	True	False
2260.121,-28.3155,-1328.576	0.04672365,0.9606845,0.02655737,-0.2723913	air2	0,0,0	0,0,0	True	False
2258.717,-28.33752,-1330.439	0.04285323,0.9608751,0.02440433,-0.2725566	air2	0,0,0	0,0,0	True	False
2256.76,-28.37632,-1333.045	0.03917408,0.9640503,0.02233713,-0.2618655	air2	0,0,0	0,0,0	True	False
2254.846,-28.45161,-1335.656	0.03580528,0.9674222,0.02043998,-0.2497888	air2	0,0,0	0,0,0	True	False
2253.123,-28.51825,-1338.002	0.03326951,0.9698467,0.01901191,-0.2406846	air2	0,0,0	0,0,0	True	False
2251.575,-28.57986,-1340.114	0.03019362,0.9726572,0.01727962,-0.2296254	air_hook_r_just	0,0,0	0,0,0	True	False
2250.161,-28.63538,-1342.041	0.02770825,0.974824,0.01587988,-0.2206769	air_hook_r_just	0,0,0	0,0,0	True	False
2248.206,-28.6195,-1344.711	0.02353334,0.9717643,0.01861917,-0.2340379	air_hook_r_just	0,0,0	0,0,0	True	False
2246.209,-28.38827,-1347.468	0.01913307,0.967281,0.02221047,-0.252008	air_hook_r_just	0,0,0	0,0,0	True	False
2244.417,-28.18601,-1349.941	0.01563946,0.9634688,0.0250517,-0.2661873	air_hook_r_just	0,0,0	0,0,0	True	False
2242.784,-28.00109,-1352.195	0.0123962,0.9597303,0.02768136,-0.279281	air_hook_r_just	0,0,0	0,0,0	True	False
2241.357,-27.8305,-1354.167	0.008754857,0.9553046,0.03062469,-0.2939024	air_hook_r_just	0,0,0	0,0,0	True	False
2240.03,-27.67775,-1355.998	0.005884757,0.9516464,0.03293784,-0.3053678	air_hook_r_just	0,0,0	0,0,0	True	False
2237.994,-27.46142,-1358.795	0.00241638,0.9477104,0.03961452,-0.3166543	air_hook_r_just	0,0,0	0,0,0	True	False
2236.023,-27.22705,-1361.467	-0.001325197,0.9432529,0.04680722,-0.3287573	air_hook_r_just	0,0,0	0,0,0	True	False
2234.244,-27.01475,-1363.878	-0.004804144,0.9389116,0.05348583,-0.3399431	air_hook_r_just	0,0,0	0,0,0	True	False
2232.644,-26.82357,-1366.045	-0.00797506,0.9347893,0.05956537,-0.3500819	air_hook_r_just	0,0,0	0,0,0	True	False
2231.181,-26.65041,-1368.029	-0.01065241,0.9311859,0.06469286,-0.3586003	air_hook_r_just	0,0,0	0,0,0	True	False
2228.906,-26.3796,-1371.085	-0.01241407,0.9220153,0.07467767,-0.3796801	air_hook_r_just	0,0,0	0,0,0	True	False
2226.788,-26.09259,-1373.872	-0.01392537,0.9136487,0.08324128,-0.397647	air_hook_r_just	0,0,0	0,0,0	True	False
2224.871,-25.83376,-1376.395	-0.01522973,0.9060522,0.09063066,-0.4130659	air_hook_r_just	0,0,0	0,0,0	True	False
2223.159,-25.59962,-1378.646	-0.01660398,0.8976679,0.09841435,-0.4292218	air_hook_r_just	0,0,0	0,0,0	True	False
2221.576,-25.38597,-1380.729	-0.01766579,0.8909187,0.1044272,-0.4416411	air_hook_r_just	0,0,0	0,0,0	True	False
2219.4,-25.10402,-1383.588	-0.01725791,0.8850186,0.1079057,-0.4525489	air_hook_r_just	0,0,0	0,0,0	True	False
2217.208,-24.84507,-1386.455	-0.01654837,0.8795197,0.1106426,-0.4625251	air_hook_r_just	0,0,0	0,0,0	True	False
2215.221,-24.61026,-1389.054	-0.01589459,0.8743617,0.1131432,-0.4716329	air_hook_r_just	0,0,0	0,0,0	True	False
2213.42,-24.39762,-1391.409	-0.01531185,0.8696911,0.1153551,-0.4796835	air_hook_r_just	0,0,0	0,0,0	True	False
2211.322,-24.14416,-1394.155	-0.01422637,0.8724472,0.1108523,-0.4757576	air_hook_l_just	0,0,0	0,0,0	True	False
2208.906,-23.74013,-1397.32	-0.01296305,0.8815315,0.1010085,-0.4610114	air_hook_l_just	0,0,0	0,0,0	True	False
2206.705,-23.37232,-1400.204	-0.01177823,0.8897004,0.09177634,-0.44707	air_hook_l_just	0,0,0	0,0,0	True	False
2204.713,-23.04129,-1402.815	-0.01053225,0.8979287,0.08206765,-0.4322939	air_hook_l_just	0,0,0	0,0,0	True	False
2202.893,-22.73635,-1405.2	-0.009607351,0.9037987,0.0748608,-0.4212498	air_hook_l_just	0,0,0	0,0,0	True	False
2201.292,-22.47002,-1407.297	-0.008627368,0.9097988,0.06722472,-0.4094783	air_hook_l_just	0,0,0	0,0,0	True	False
2199.005,-22.07108,-1410.296	-0.00726963,0.9236827,0.07114211,-0.3764255	air_hook_l_just	0,0,0	0,0,0	True	False
2196.724,-21.64645,-1413.292	-0.005788044,0.9379705,0.07705189,-0.3379956	air_hook_l_just	0,0,0	0,0,0	True	False
2194.661,-21.26245,-1416.001	-0.004440307,0.9494982,0.08227973,-0.3027597	air_hook_l_just	0,0,0	0,0,0	True	False
2192.791,-20.91442,-1418.456	-0.003222954,0.9587271,0.08688253,-0.270709	air_hook_l_just	0,0,0	0,0,0	True	False
2190.712,-20.53043,-1421.186	-0.001426331,0.969274,0.09788603,-0.2256641	air_hook_l_just	0,0,0	0,0,0	True	False
2188.206,-20.09301,-1424.477	0.00122469,0.9798269,0.1182097,-0.1611339	air_hook_l_just	0,0,0	0,0,0	True	False
2185.942,-19.69775,-1427.451	0.003682765,0.9855091,0.1365963,-0.1004969	air_hook_l_just	0,0,0	0,0,0	True	False
2183.897,-19.34076,-1430.137	0.00583728,0.9872059,0.1523457,-0.04670504	air_hook_l_just	0,0,0	0,0,0	True	False
2182.066,-19.02122,-1432.542	0.008038893,0.9857008,0.1680779,0.008897009	air_hook_l_just	0,0,0	0,0,0	True	False
2180.387,-18.72803,-1434.747	0.009831887,0.9819848,0.1806122,0.05466705	air_hook_l_just	0,0,0	0,0,0	True	False
2177.889,-18.27707,-1438.03	0.01200477,0.9737573,0.1980184,0.1115414	air_hook_l_just	0,0,0	0,0,0	True	False
2175.615,-17.74966,-1441.024	0.01409025,0.9622957,0.2143683,0.1668372	air_hook_l_just	0,0,0	0,0,0	True	False
2173.563,-17.27341,-1443.725	0.01590576,0.9492909,0.2282991,0.2155765	air_hook_l_just	0,0,0	0,0,0	False	False
2171.703,-16.84141,-1446.174	0.01750728,0.9353152,0.2403378,0.2590692	air_hook_l_just	0,0,0	0,0,0	False	False
2169.712,-16.37708,-1448.795	0.01927262,0.9182031,0.2527617,0.3043733	air_hook_l_just	0,0,0	0,0,0	False	False
2167.763,-15.91386,-1451.363	0.02113629,0.8990064,0.2647987,0.3481702	air_hook_l_just	0,0,0	0,0,0	False	False
2165.973,-15.48958,-1453.72	0.0230559,0.8762637,0.2768559,0.3936767	air_hook_l_just	0,0,0	0,0,0	False	False
2164.373,-15.10876,-1455.828	0.02443971,0.8578352,0.2853141,0.4267521	air_hook_l_just	0,0,0	0,0,0	True	False
2162.937,-14.76799,-1457.72	0.02584681,0.8371906,0.2936956,0.4606374	air_hook_l_just	0,0,0	0,0,0	True	False
2161.604,-14.45085,-1459.475	0.02692849,0.8199038,0.2999761,0.4868747	air_hook_l_just	0,0,0	0,0,0	True	False
2159.751,-13.83469,-1461.924	0.02909539,0.7969987,0.3073516,0.5191162	air_hook_l_just	0,0,0	0,0,0	True	False
2158.044,-12.85784,-1464.198	0.03102299,0.776378,0.313255,0.5460275	air_hook_l_just	0,0,0	0,0,0	True	False
2074.178,55.22693,-1243.315	0,0,0,1	air_rise	0,0,0	0,0,0	False	False
2074.178,55.21893,-1243.315	0,0,0,1	air_fall	0,0,0	0,0,0	False	False
2074.178,55.20293,-1243.315	0,0,0,1	air_fall	0,0,0	0,0,0	False	False
