-13.84898,-0.01994312,-537.1749	0,0,0,1	stand_levi	0,0,0	0,0,0	False	False
-13.84898,-0.01994282,-537.1749	0,0,0,1	stand_levi	0,0,0	0,0,0	False	False
-13.84898,-0.01994246,-537.1749	0,0,0,1	stand_levi	0,0,0	0,0,0	False	False
-13.84898,-0.01994216,-537.1749	0,0,0,1	run	0,0,0	0,0,0	False	False
-13.84898,-0.01994187,-537.3601	0,-0.2425356,0,0.9701425	run	0,0,0	0,0,0	False	False
-13.84898,-0.01994163,-537.5453	0,-0.4526936,0,0.8916662	run	0,0,0	0,0,0	False	False
-13.84898,-0.01994145,-537.7305	0,-0.618964,0,0.7854195	run	0,0,0	0,0,0	False	False
-13.84898,-0.01994121,-537.9156	0,-0.7418695,0,0.6705443	run	0,0,0	0,0,0	False	False
-13.84898,-0.01994401,-538.1008	0,-0.8284486,0,0.5600651	run	0,0,0	0,0,0	False	False
-13.84898,-0.01994377,-538.286	0,-0.887462,0,0.4608811	jump	0,0,0	0,0,0	False	False
-13.84898,-0.01994354,-538.4712	0,-0.9268108,0,0.3755287	jump	0,0,0	0,0,0	False	False
-13.84898,-0.01994324,-538.6564	0,-0.9526708,0,0.304004	jump	0,0,0	0,0,0	False	False
-13.84898,-0.01994294,-538.8416	0,-0.9695064,0,0.2450661	jump	0,0,0	0,0,0	False	False
-13.84898,-0.01994264,-539.0267	0,-0.9804002,0,0.1970165	jump	0,0,0	0,0,0	False	False
-13.84898,-0.01994234,-539.2119	0,-0.9874216,0,0.1581098	jump	0,0,0	0,0,0	False	False
-13.84898,0.1320577,-539.4019	0,-0.9919356,0,0.1267432	jump	0,0,0	0,0,0	False	False
-13.84898,0.4360577,-539.4019	0,-0.9948329,0,0.1015257	air_rise	0,0,0	0,0,0	False	False
-13.84898,0.7320577,-539.4019	0,-0.9959966,0,0.08939138	air_rise	0,0,0	0,0,0	False	False
-13.84898,1.020058,-539.4019	0,-0.9968985,0,0.0786977	air_rise	0,0,0	0,0,0	False	False
-13.84898,1.300058,-539.4019	0,-0.9975975,0,0.06927668	air_rise	0,0,0	0,0,0	False	False
-13.84898,1.572058,-539.4019	0,-0.9981391,0,0.06097895	air_rise	0,0,0	0,0,0	False	False
-13.84898,1.836058,-539.4019	0,-0.9985586,0,0.05367203	air_rise	0,0,0	0,0,0	False	False
-13.84898,2.092058,-539.4019	0,-0.9988837,0,0.04723858	air_rise	0,0,0	0,0,0	False	False
-13.84898,2.340058,-539.4019	0,-0.9991354,0,0.04157486	air_rise	0,0,0	0,0,0	False	False
-13.84898,2.580058,-539.4019	0,-0.9993304,0,0.03658922	air_rise	0,0,0	0,0,0	False	False
-13.84898,2.812058,-539.4019	0,-0.9994814,0,0.0322008	air_rise	0,0,0	0,0,0	False	False
-13.84898,3.036058,-539.4019	0,-0.9995984,0,0.02833826	air_rise	0,0,0	0,0,0	False	False
-13.84898,3.252058,-539.4019	0,-0.999689,0,0.02493873	air_rise	0,0,0	0,0,0	True	False
-13.84898,3.460058,-539.4019	0,1,0,-4.371139E-08	dash	0,0,0	0,0,0	False	True
-13.84898,3.660059,-540.2019	0,1,0,-4.371139E-08	dash	0,0,0	0,0,0	False	False
-13.84898,3.852059,-541.0019	0,1,0,-4.371139E-08	dash	0,0,0	0,0,0	False	False
-13.84898,4.03159,-541.7833	0,1,0,-4.371139E-08	dash	0,0,0	0,0,0	False	False
-13.84898,4.196792,-542.5371	0,1,0,-4.371139E-08	dash	0,0,0	0,0,0	False	False
-13.84898,4.348286,-543.2649	0,1,0,-4.371139E-08	dash	0,0,0	0,0,0	False	False
-13.84898,4.486404,-543.9669	0,1,0,-4.371139E-08	dash	0,0,0	0,0,0	False	False
-13.84898,4.611648,-544.644	0,1,0,-4.371139E-08	dash	0,0,0	0,0,0	False	False
-13.84898,4.724468,-545.2973	0,1,0,-4.371139E-08	dash	0,0,0	0,0,0	False	False
-13.84898,4.825505,-545.9286	0,1,0,-4.371139E-08	dash	0,0,0	0,0,0	False	False
-13.84898,4.915015,-546.538	0,1,0,-4.371139E-08	dash	0,0,0	0,0,0	False	False
-13.84898,4.99334,-547.1256	0,1,0,-4.371139E-08	dash	0,0,0	0,0,0	False	False
-13.84898,5.060971,-547.6931	0,1,0,-4.371139E-08	dash	0,0,0	0,0,0	False	False
-13.84898,5.118208,-548.2404	0,1,0,-4.371139E-08	dash	0,0,0	0,0,0	False	False
-13.84898,5.165484,-548.769	0,1,0,-4.371139E-08	dash	0,0,0	0,0,0	False	False
-13.84898,5.203111,-549.2792	0,1,0,-4.371139E-08	dash	0,0,0	0,0,0	False	False
-13.84898,5.231813,-549.7768	0,1,0,-4.371139E-08	dash	0,0,0	0,0,0	False	False
-13.84898,5.251538,-550.2574	0,1,0,-4.371139E-08	dash	0,0,0	0,0,0	False	False
-13.84898,5.262584,-550.7216	0,1,0,-4.371139E-08	dash	0,0,0	0,0,0	False	False
-13.84898,5.265244,-551.1694	0,1,0,-4.371139E-08	dash	0,0,0	0,0,0	False	False
-13.84898,5.25981,-551.6017	0,1,0,-4.371139E-08	dash	0,0,0	0,0,0	False	False
-13.84898,5.246567,-552.0189	0,1,0,-4.371139E-08	dash	0,0,0	0,0,0	False	False
-13.84898,5.225785,-552.4214	0,1,0,-4.371139E-08	dash	0,0,0	0,0,0	False	False
-13.84898,5.197729,-552.81	0,1,0,-4.371139E-08	dash	0,0,0	0,0,0	False	False
-13.84898,5.162669,-553.1848	0,1,0,-4.371139E-08	dash	0,0,0	0,0,0	False	False
-13.84898,5.120832,-553.5464	0,1,0,-4.371139E-08	dash	0,0,0	0,0,0	False	False
-13.84898,5.072489,-553.8952	0,1,0,-4.371139E-08	stand_levi	0,0,0	0,0,0	False	False
-13.84898,5.016145,-554.244	0,1,0,-4.371139E-08	stand_levi	0,0,0	0,0,0	False	False
-13.84898,4.951801,-554.5927	0,1,0,-4.371139E-08	stand_levi	0,0,0	0,0,0	False	False
-13.84898,4.879457,-554.9415	0,1,0,-4.371139E-08	air_fall	0,0,0	0,0,0	False	False
-13.84898,4.799113,-555.2902	0,1,0,-4.371139E-08	air_fall	0,0,0	0,0,0	False	False
-13.84898,4.71077,-555.639	0,1,0,-4.371139E-08	air_fall	0,0,0	0,0,0	True	False
-13.84898,4.614426,-555.9877	0,1,0,-4.371139E-08	air_fall	0,0,0	0,0,0	True	False
-13.84898,4.510082,-556.3365	0,1,0,-4.371139E-08	air_fall	0,0,0	0,0,0	True	False
-13.84898,4.397738,-556.6852	0,1,0,-4.371139E-08	air_fall	0,0,0	0,0,0	True	False
-13.84898,4.277394,-557.046	0,1,0,-4.371139E-08	air_fall	0,0,0	0,0,0	True	False
-13.84898,4.149051,-557.4188	0,1,0,-4.371139E-08	air_fall	0,0,0	0,0,0	True	False
-13.84898,4.012707,-557.8036	0,1,0,-4.371139E-08	air_fall	0,0,0	0,0,0	True	False
-13.84898,3.868363,-558.2004	0,1,0,-4.371139E-08	air_fall	0,0,0	0,0,0	True	False
-13.84898,3.716019,-558.5972	0,1,0,-4.371139E-08	air_fall	0,0,0	0,0,0	True	False
-13.84898,3.555675,-558.994	0,1,0,-4.371139E-08	air_fall	0,0,0	0,0,0	True	False
-13.84898,3.387331,-559.3907	0,1,0,-4.371139E-08	air_fall	0,0,0	0,0,0	True	False
-13.84898,3.210987,-559.7996	0,1,0,-4.371139E-08	dash	0,0,0	0,0,0	False	True
-13.84898,3.026643,-561.0084	0,1,0,-4.371139E-08	dash	0,0,0	0,0,0	False	False
-13.84898,2.840739,-562.1749	0,1,0,-4.371139E-08	dash	0,0,0	0,0,0	False	False
-13.84898,2.653399,-563.3003	0,1,0,-4.371139E-08	dash	0,0,0	0,0,0	False	False
-13.84898,2.464518,-564.3868	0,1,0,-4.371139E-08	dash	0,0,0	0,0,0	False	False
-13.84898,2.27423,-565.4355	0,1,0,-4.371139E-08	dash	0,0,0	0,0,0	False	False
-13.84898,2.082585,-566.4475	0,1,0,-4.371139E-08	dash	0,0,0	0,0,0	False	False
-13.84898,1.889629,-567.4242	0,1,0,-4.371139E-08	dash	0,0,0	0,0,0	False	False
