-3999.215,9.98,-5409.4	0,0.1616569,0,0.986847	run	0,0,0	0,0,0	False	False
-3999.084,9.98,-5409.269	0,0.2067376,0,0.9783965	run	0,0,0	0,0,0	False	False
-3998.953,9.98,-5409.138	0,0.2425861,0,0.9701299	run	0,0,0	0,0,0	False	False
-3998.822,9.98,-5409.007	0,0.2710781,0,0.9625574	run	0,0,0	0,0,0	False	False
-3998.691,9.98,-5408.876	0,0.2937272,0,0.9558893	run	0,0,0	0,0,0	False	False
-3998.561,9.98,-5408.746	0,0.3117414,0,0.950167	run	0,0,0	0,0,0	False	False
-3998.43,9.98,-5408.615	0,0.3260792,0,0.9453425	run	0,0,0	0,0,0	False	False
-3998.299,9.98,-5408.484	0,0.337499,0,0.9413259	run	0,0,0	0,0,0	False	False
-3998.168,9.98,-5408.353	0,0.3466009,0,0.9380127	run	0,0,0	0,0,0	False	False
-3998.037,9.98,-5408.222	0,0.35386,0,0.9352984	run	0,0,0	0,0,0	False	False
-3997.906,9.98,-5408.091	0,0.3596523,0,0.9330864	run	0,0,0	0,0,0	False	False
-3997.775,9.98,-5407.96	0,0.3642765,0,0.9312909	run	0,0,0	0,0,0	False	False
-3997.645,9.98,-5407.83	0,0.3679695,0,0.9298379	run	0,0,0	0,0,0	False	False
-3997.514,9.98,-5407.699	0,0.3709197,0,0.9286649	run	0,0,0	0,0,0	False	False
-3997.383,9.98,-5407.568	0,0.3732773,0,0.9277198	run	0,0,0	0,0,0	False	False
-3997.252,9.98,-5407.437	0,0.3751616,0,0.9269594	run	0,0,0	0,0,0	False	False
-3997.121,9.98,-5407.306	0,0.376668,0,0.9263483	run	0,0,0	0,0,0	False	False
-3996.99,9.98,-5407.175	0,0.3778724,0,0.9258577	run	0,0,0	0,0,0	False	False
-4000,11,-5410	0,0,0,1	air_rise	0,0,0	0,0,0	False	False
-4000,10.992,-5410	0,0,0,1	air_fall	0,0,0	0,0,0	False	False
-4000,10.976,-5410	0,0,0,1	air_fall	0,0,0	0,0,0	False	False
-4000,10.952,-5410	0,0,0,1	air_fall	0,0,0	0,0,0	False	False
-4000,10.92,-5410	0,0,0,1	air_fall	0,0,0	0,0,0	False	False
-4000,10.88,-5410	0,0,0,1	air_fall	0,0,0	0,0,0	False	False
-4000,10.832,-5410	0,0,0,1	air_fall	0,0,0	0,0,0	False	False
-4000,10.776,-5410	0,0,0,1	air_fall	0,0,0	0,0,0	False	False
-4000,10.712,-5410	0,0,0,1	air_fall	0,0,0	0,0,0	False	False
-4000,10.64,-5410	0,0,0,1	air_fall	0,0,0	0,0,0	False	False
-4000,10.56,-5410	0,0,0,1	air_fall	0,0,0	0,0,0	False	False
-4000,10.472,-5410	0,0,0,1	air_fall	0,0,0	0,0,0	False	False
-4000,10.376,-5410	0,0,0,1	air_fall	0,0,0	0,0,0	False	False
-4000,10.272,-5410	0,0,0,1	air_fall	0,0,0	0,0,0	False	False
-4000,10.16,-5410	0,0,0,1	run	0,0,0	0,0,0	False	False
-4000,10.04,-5409.81	0,0,0,1	run	0,0,0	0,0,0	False	False
-4000,9.912,-5409.62	0,0,0,1	run	0,0,0	0,0,0	False	False
-4000,9.9664,-5409.495	0,0,0,1	run	0,0,0	0,0,0	False	False
-4000,9.97728,-5409.316	0,0,0,1	run	0,0,0	0,0,0	False	False
-4000,9.979456,-5409.132	0,0,0,1	run	0,0,0	0,0,0	False	False
-4000,9.979891,-5408.947	0,0,0,1	run	0,0,0	0,0,0	False	False
-4000,9.979979,-5408.762	0,0,0,1	run	0,0,0	0,0,0	False	False
-4000,9.979996,-5408.577	0,0,0,1	run	0,0,0	0,0,0	False	False
-4000,9.98,-5408.392	0,0,0,1	run	0,0,0	0,0,0	False	False
-4000,9.98,-5408.207	0,0,0,1	run	0,0,0	0,0,0	False	False
-4000,9.98,-5408.022	0,0,0,1	run	0,0,0	0,0,0	False	False
-4000,9.98,-5407.837	0,0,0,1	run	0,0,0	0,0,0	False	False
-4000,9.98,-5407.652	0,0,0,1	run	0,0,0	0,0,0	False	False
