-4053.949,9.98,-5376.722	8.571769E-33,0.7531042,7.487756E-33,0.6579013	run	0,0,0	0,0,0	False	False
-4053.766,9.98,-5376.747	6.857415E-33,0.7531372,5.990205E-33,0.6578636	run	0,0,0	0,0,0	False	False
-4053.582,9.98,-5376.772	5.485932E-33,0.7531635,4.792164E-33,0.6578334	run	0,0,0	0,0,0	False	False
-4053.399,9.98,-5376.797	4.388746E-33,0.7531846,3.833732E-33,0.6578093	run	0,0,0	0,0,0	False	False
-4053.215,9.98,-5376.822	3.510997E-33,0.7532015,3.066985E-33,0.6577899	run	0,0,0	0,0,0	False	False
-4053.068,9.979999,-5376.709	2.843626E-33,0.6999813,2.484012E-33,0.7141611	run	0,0,0	0,0,0	False	False
-4052.92,9.979999,-5376.597	2.29303E-33,0.6540027,2.003047E-33,0.7564922	jump	0,0,0	0,0,0	False	False
-4052.773,9.979999,-5376.485	1.843806E-33,0.6151791,1.610633E-33,0.7883874	jump	0,0,0	0,0,0	False	False
-4052.625,9.979999,-5376.373	1.479881E-33,0.582895,1.292731E-33,0.8125474	jump	0,0,0	0,0,0	False	False
-4052.478,9.979999,-5376.26	1.186392E-33,0.5563291,1.036357E-33,0.8309621	jump	0,0,0	0,0,0	False	False
-4052.33,9.979999,-5376.148	9.503904E-34,0.5346285,8.302012E-34,0.8450873	jump	0,0,0	0,0,0	False	False
-4052.183,9.979999,-5376.036	7.609673E-34,0.5169945,6.647331E-34,0.8559887	jump	0,0,0	0,0,0	False	False
-4052.032,10.132,-5375.92	6.091096E-34,0.5027196,5.320798E-34,0.8644496	jump	0,0,0	0,0,0	False	False
-4051.881,10.436,-5375.805	4.874597E-34,0.4911959,4.258142E-34,0.8710492	air_rise	0,0,0	0,0,0	False	False
-4051.729,10.732,-5375.69	4.290286E-34,0.4856329,3.747723E-34,0.8741629	air_rise	0,0,0	0,0,0	False	False
-4051.578,11.02,-5375.575	3.775887E-34,0.4807205,3.298378E-34,0.8768739	air_rise	0,0,0	0,0,0	False	False
-4051.427,11.3,-5375.459	3.323078E-34,0.4763847,2.902832E-34,0.8792369	air_rise	0,0,0	0,0,0	False	False
-4051.276,11.572,-5375.344	2.924511E-34,0.4725594,2.554669E-34,0.8812988	air_rise	0,0,0	0,0,0	False	False
-4051.125,11.836,-5375.229	2.573708E-34,0.4691855,2.248229E-34,0.8830997	air_rise	0,0,0	0,0,0	False	False
-4050.974,12.092,-5375.114	2.264957E-34,0.4662107,1.978524E-34,0.8846738	air_rise	0,0,0	0,0,0	False	False
-4050.823,12.34,-5374.999	1.993226E-34,0.4635884,1.741157E-34,0.8860507	air_rise	0,0,0	0,0,0	False	False
-4050.672,12.58,-5374.883	1.754083E-34,0.4612774,1.532257E-34,0.887256	air_rise	0,0,0	0,0,0	False	False
-4050.521,12.812,-5374.768	1.543623E-34,0.4592411,1.348412E-34,0.8883117	air_rise	0,0,0	0,0,0	False	False
-4050.369,13.036,-5374.653	1.358408E-34,0.4574471,1.18662E-34,0.8892369	air_rise	0,0,0	0,0,0	False	False
-4050.218,13.252,-5374.538	1.195413E-34,0.4558668,1.044238E-34,0.890048	air_rise	0,0,0	0,0,0	True	False
-4050.057,13.46,-5374.416	1.051973E-34,0.454475,9.189375E-35,0.8907595	air_rise	0,0,0	0,0,0	True	False
-4049.887,13.66,-5374.286	9.257426E-35,0.4532492,8.086705E-35,0.8913838	air_rise	0,0,0	0,0,0	True	False
-4049.706,13.852,-5374.15	8.14654E-35,0.4528702,7.116306E-35,0.8915765	air_rise	0,0,0	0,0,0	True	False
-4049.514,14.036,-5374.011	7.169577E-35,0.4571988,6.262892E-35,0.8893645	air_rise	0,0,0	0,0,0	True	False
-4049.31,14.212,-5373.872	6.316851E-35,0.4732272,5.518005E-35,0.8809404	air_rise	0,0,0	0,0,0	True	False
-4049.095,14.38,-5373.738	5.585054E-35,0.504213,4.878754E-35,0.8635793	air_rise	0,0,0	0,0,0	True	False
-4048.874,14.54,-5373.614	4.978283E-35,0.5532092,4.348716E-35,0.8330424	air_rise	0,0,0	0,0,0	True	False
-4048.65,14.692,-5373.501	4.48866E-35,0.6162214,3.921013E-35,0.787573	air_rise	0,0,0	0,0,0	True	False
-4048.426,14.836,-5373.401	4.082216E-35,0.6837018,3.565968E-35,0.7297615	air_rise	0,0,0	0,0,0	True	False
-4048.204,14.972,-5373.313	3.717365E-35,0.7467704,3.247258E-35,0.6650819	air_rise	0,0,0	0,0,0	True	False
-4047.985,15.1,-5373.236	3.386693E-35,0.8040553,2.958403E-35,0.5945545	air_rise	0,0,0	0,0,0	True	False
-4047.762,15.22,-5373.148	3.074242E-35,0.8524901,2.685465E-35,0.5227433	air_rise	0,0,0	0,0,0	True	False
-4047.534,15.332,-5373.049	2.806088E-35,0.8002778,2.451222E-35,0.5996294	air_rise	0,0,0	0,0,0	True	False
-4047.302,15.436,-5372.939	2.538471E-35,0.7482839,2.217449E-35,0.6633786	air_rise	0,0,0	0,0,0	True	False
-4047.065,15.532,-5372.818	2.282775E-35,0.6973571,1.994089E-35,0.7167239	air_rise	0,0,0	0,0,0	True	False
-4046.823,15.62,-5372.686	2.043365E-35,0.6485544,1.784955E-35,0.7611682	air_rise	0,0,0	0,0,0	True	False
-4046.577,15.7,-5372.542	1.82276E-35,0.6022653,1.592249E-35,0.798296	air_rise	0,0,0	0,0,0	True	False
-4046.327,15.772,-5372.387	1.622002E-35,0.5583041,1.416879E-35,0.8296364	air_rise	0,0,0	0,0,0	True	False
-4046.073,15.836,-5372.221	1.44037E-35,0.5170718,1.258217E-35,0.855942	air_rise	0,0,0	0,0,0	True	False
-4045.816,15.892,-5372.043	1.277509E-35,0.4775256,1.115952E-35,0.8786178	air_rise	0,0,0	0,0,0	True	False
-4045.557,15.94,-5371.854	1.132101E-35,0.439206,9.889326E-36,0.8983864	air_rise	0,0,0	0,0,0	True	False
-4045.294,15.98,-5371.653	1.002294E-35,0.4027738,8.755415E-36,0.9152995	air_rise	0,0,0	0,0,0	True	False
-4045.03,16.012,-5371.44	8.864253E-36,0.3690779,7.743256E-36,0.9293985	air_rise	0,0,0	0,0,0	True	False
-4044.763,16.036,-5371.215	7.832287E-36,0.3381804,6.841795E-36,0.9410813	air_rise	0,0,0	0,0,0	True	False
-4044.494,16.052,-5370.979	6.915767E-36,0.3096232,6.041181E-36,0.9508594	air2	0,0,0	0,0,0	True	False
-4044.223,16.06,-5370.73	6.102509E-36,0.283699,5.330769E-36,0.9589134	air2	0,0,0	0,0,0	True	False
-4043.95,16.06,-5370.47	5.381842E-36,0.2604145,4.701239E-36,0.9654969	air2	0,0,0	0,0,0	True	False
-4043.675,16.052,-5370.198	4.744371E-36,0.2392606,4.144385E-36,0.9709554	air2	0,0,0	0,0,0	True	False
-4043.399,16.036,-5369.914	4.181226E-36,0.2197657,3.652457E-36,0.9755527	air2	0,0,0	0,0,0	True	False
-4043.122,16.012,-5369.618	3.684348E-36,0.2012456,3.218415E-36,0.9795408	air2	0,0,0	0,0,0	True	False
-4042.844,15.98,-5369.322	3.245871E-36,0.1841046,2.835389E-36,0.9829067	air2	0,0,0	0,0,0	True	False
-4042.566,15.94,-5369.026	2.858854E-36,0.1689608,2.497316E-36,0.9856228	air2	0,0,0	0,0,0	True	False
-4042.289,15.892,-5368.73	2.51749E-36,0.1555922,2.199121E-36,0.9878214	air2	0,0,0	0,0,0	True	False
-4042.011,15.836,-5368.435	2.21655E-36,0.1437981,1.936239E-36,0.9896071	air2	0,0,0	0,0,0	True	False
-4041.734,15.772,-5368.139	1.951354E-36,0.1333981,1.70458E-36,0.9910626	air2	0,0,0	0,0,0	True	False
-4041.456,15.7,-5367.843	1.71773E-36,0.124231,1.500501E-36,0.9922533	air2	0,0,0	0,0,0	True	False
-4041.178,15.62,-5367.547	1.51197E-36,0.1161533,1.320762E-36,0.9932313	air2	0,0,0	0,0,0	True	False
-4040.9,15.532,-5367.239	1.330784E-36,0.1090372,1.162489E-36,0.9940377	air2	0,0,0	0,0,0	True	False
-4040.623,15.436,-5366.919	1.171563E-36,0.09860893,1.023404E-36,0.9951262	air2	0,0,0	0,0,0	True	False
-4040.345,15.332,-5366.599	1.031604E-36,0.08577958,9.011448E-37,0.9963142	air2	0,0,0	0,0,0	True	False
-4040.067,15.22,-5366.279	9.082409E-37,0.07447262,7.933823E-37,0.9972231	air2	0,0,0	0,0,0	True	False
-4039.789,15.1,-5365.959	7.995446E-37,0.06451092,6.98432E-37,0.997917	air2	0,0,0	0,0,0	True	False
-4039.511,14.972,-5365.64	0,0.3235157,0,-0.9462228	dash	0,0,0	0,0,0	False	True
-4039.723,14.836,-5364.687	0,0.3235157,0,-0.9462228	dash	0,0,0	0,0,0	False	False
-4039.928,14.69675,-5363.768	0,0.3235157,0,-0.9462228	dash	0,0,0	0,0,0	False	False
-4040.125,14.55436,-5362.881	0,0.3235157,0,-0.9462228	dash	0,0,0	0,0,0	False	False
-4040.318,14.40733,-5362.015	0,0.3235157,0,-0.9462228	dash	0,0,0	0,0,0	False	False
-4040.504,14.25744,-5361.179	0,0.3235157,0,-0.9462228	dash	0,0,0	0,0,0	False	False
-4040.684,14.10472,-5360.372	0,0.3235157,0,-0.9462228	dash	0,0,0	0,0,0	False	False
-4040.857,13.94934,-5359.593	0,-0.9980885,0,0.06180132	air_hook_l_just	-4048.367,43.11728,-5420.001	0,0,0	False	False
-4041.026,14.07749,-5358.858	0,-0.9980885,0,0.06180132	air_hook_l_just	-4048.367,43.11728,-5420.001	0,0,0	False	False
-4041.392,14.67554,-5358.555	0,-0.9980885,0,0.06180132	air_hook_l_just	-4048.367,43.11728,-5420.001	0,0,0	False	False
-4041.759,15.27702,-5358.268	-0.04136932,-0.9963207,0.003126122,0.0749921	air_hook_l_just	-4048.367,43.11728,-5420.001	0,0,0	False	False
-4042.129,15.88178,-5357.997	-0.07791764,-0.993208,0.005772871,0.08621734	air_hook_l_just	-4048.367,43.11728,-5420.001	0,0,0	False	False
-4042.5,16.48966,-5357.742	-0.1101294,-0.9892828,0.007938743,0.09554075	air_hook_l_just	-4048.367,43.11728,-5420.001	0,0,0	True	False
-4042.865,17.1005,-5357.494	-0.1384708,-0.9849287,0.009675334,0.1031875	air_hook_l_just	-4048.367,43.11728,-5420.001	0,0,0	True	False
-4043.223,17.71415,-5357.254	-0.1633786,-0.9804214,0.01103005,0.1093607	air_hook_l_just	-4048.367,43.11728,-5420.001	0,0,0	True	False
-4043.576,18.33045,-5357.021	-0.1852506,-0.975935,0.01210733,0.1143964	air_hook_l_just	-4048.367,43.11728,-5420.001	0,0,0	True	False
-4043.922,18.94925,-5356.794	-0.2044488,-0.9715986,0.01294328,0.1184455	air_hook_l_just	-4048.367,43.11728,-5420.001	0,0,0	True	False
-4044.261,19.57038,-5356.576	-0.2212965,-0.9674954,0.01356987,0.12164	air_hook_l_just	-4048.367,43.11728,-5420.001	0,0,0	True	False
-4044.594,20.19369,-5356.364	-0.2360809,-0.9636752,0.01401525,0.124095	air_hook_l_just	-4048.367,43.11728,-5420.001	0,0,0	True	False
-4044.92,20.81901,-5356.161	-0.2490554,-0.9601632,0.01430414,0.1259106	air_hook_l_just	-4048.367,43.11728,-5420.001	0,0,0	True	False
-4045.248,21.44619,-5355.962	-0.2604433,-0.9569677,0.01445816,0.1271738	air_hook_l_just	-4048.367,43.11728,-5420.001	0,0,0	True	False
-4045.578,22.07506,-5355.768	-0.2704403,-0.954085,0.01449615,0.1279598	air_hook_l_just	-4048.367,43.11728,-5420.001	0,0,0	True	False
-4045.91,22.70546,-5355.579	-0.2792213,-0.9515076,0.0143973,0.1283021	air_hook_l_just	-4048.367,43.11728,-5420.001	0,0,0	True	False
-4046.243,23.33723,-5355.395	-0.2869363,-0.9492192,0.01417896,0.1282559	air_hook_l_just	0,0,0	0,0,0	True	False
-4046.579,23.9662,-5355.216	-0.2937163,-0.9472002,0.01385638,0.1278692	air_hook_l_just	0,0,0	0,0,0	True	False
-4046.915,24.58716,-5355.025	-0.2845764,-0.9237779,0.0134252,0.2558718	air_hook_l_just	0,0,0	0,0,0	True	False
-4047.252,25.20013,-5354.822	-0.2713519,-0.8868058,0.01280132,0.3738714	air_hook_l_just	0,0,0	0,0,0	True	False
-4047.591,25.8051,-5354.607	-0.2550935,-0.8395442,0.01203431,0.479529	air_hook_l_just	0,0,0	0,0,0	True	False
-4047.931,26.40207,-5354.38	-0.2368267,-0.7855011,0.01117255,0.5716437	air_hook_l_just	0,0,0	0,0,0	True	False
-4048.272,26.99104,-5354.141	-0.217593,-0.7277199,0.01026518,0.6503627	air_hook_l_just	0,0,0	0,0,0	True	False
-4048.615,27.57201,-5353.891	-0.1980292,-0.669598,0.009342241,0.7157764	air_hook_l_just	0,0,0	0,0,0	True	False
-4048.962,28.14498,-5353.628	-0.1786308,-0.6147282,0.008427102,0.7681987	air_hook_l_just	0,0,0	0,0,0	True	False
-4049.303,28.70995,-5353.355	-0.1598683,-0.566355,0.00754196,0.8084722	air_hook_l_just	0,0,0	0,0,0	True	False
-4049.639,29.26691,-5353.071	-0.1459129,-0.4899794,0.006883597,0.8594081	attack1	0,0,0	0,0,0	True	False
-4049.971,29.81588,-5352.776	-0.1321417,-0.4175342,0.006233928,0.89898	attack1	0,0,0	0,0,0	True	False
-4050.297,30.35685,-5352.471	-0.149436,-0.3504035,0.01224572,0.9245195	attack1	0,0,0	0,0,0	True	False
-4050.619,30.88982,-5352.154	-0.1643555,-0.2886787,0.01759961,0.9430494	attack1	0,0,0	0,0,0	True	False
-4050.929,31.41479,-5351.833	-0.1781539,-0.2326286,0.02254774,0.9558435	attack1	0,0,0	0,0,0	True	False
-4051.228,31.93176,-5351.508	-0.1901064,-0.1439368,0.03970946,0.9703427	attack1	0,0,0	0,0,0	True	False
-4051.516,32.44072,-5351.178	-0.1997443,-0.06260962,0.05510383,0.9762919	attack1	0,0,0	0,0,0	True	False
-4051.792,32.94169,-5350.845	-0.2063764,0.01113088,0.06804246,0.9760405	attack1	0,0,0	0,0,0	True	False
-4052.057,33.43466,-5350.507	-0.2101087,0.0773571,0.07846142,0.9714494	attack1	0,0,0	0,0,0	True	False
-4052.311,33.91963,-5350.165	-0.2112163,0.1364076,0.08647358,0.9640036	attack1	0,0,0	0,0,0	True	False
-4052.554,34.3966,-5349.819	-0.2100711,0.1887785,0.0923041,0.9548365	attack1	0,0,0	0,0,0	True	False
-4052.785,34.86557,-5349.468	-0.207071,0.2350455,0.09622872,0.9447832	attack1	0,0,0	0,0,0	True	False
-4053.005,35.32654,-5349.114	-0.2025999,0.2758084,0.09853484,0.9344378	attack1	0,0,0	0,0,0	True	False
-4053.215,35.77951,-5348.764	-0.1970065,0.3116547,0.09949884,0.9242077	attack1	0,0,0	0,0,0	True	False
-4053.413,36.22448,-5348.419	-0.1885525,0.3826339,0.1068531,0.8981212	attack1	0,0,0	0,0,0	True	False
-4053.601,36.66145,-5348.08	-0.1792686,0.4445922,0.1117056,0.8704726	attack1	0,0,0	0,0,0	True	False
-4053.777,37.09042,-5347.745	-0.1686233,0.4986137,0.1130126,0.842721	attack1	0,0,0	0,0,0	True	False
-4053.943,37.51138,-5347.416	-0.1571314,0.5454986,0.111493,0.8156656	attack1	0,0,0	0,0,0	True	False
-4054.098,37.92435,-5347.091	-0.1451625,0.5860671,0.1077191,0.7898416	attack1	0,0,0	0,0,0	True	False
-4054.242,38.32932,-5346.771	-0.1330097,0.6210972,0.1021972,0.7655733	attack1	0,0,0	0,0,0	True	False
-4054.375,38.72629,-5346.456	-0.1208991,0.6513025,0.09536114,0.7430307	attack1	0,0,0	0,0,0	True	False
-4054.497,39.11526,-5346.146	-0.1090024,0.6773229,0.08757769,0.7222758	attack1	0,0,0	0,0,0	True	False
-4054.608,39.49623,-5345.842	-0.09744775,0.6997237,0.07915369,0.7032961	attack1	0,0,0	0,0,0	True	False
-4054.708,39.8692,-5345.542	-0.08632988,0.7189993,0.07034446,0.6860313	attack1	0,0,0	0,0,0	True	False
-4054.797,40.23417,-5345.247	-0.07571763,0.7355797,0.06136179,0.670391	attack1	0,0,0	0,0,0	True	False
-4054.875,40.59113,-5344.957	-0.06566031,0.7498374,0.05238125,0.656269	attack1	0,0,0	0,0,0	True	False
-4054.943,40.9401,-5344.672	-0.05619261,0.7620945,0.04354855,0.643551	air_rise	0,0,0	0,0,0	True	False
-4054.999,41.28107,-5344.392	-0.04733849,0.7726297,0.03498494,0.6321223	air_rise	0,0,0	0,0,0	True	False
-4055.045,41.61404,-5344.117	-0.0416941,0.7815171,0.03081352,0.621726	air_rise	0,0,0	0,0,0	True	False
-4055.08,41.93901,-5343.847	-0.03671553,0.7891904,0.02713417,0.6124494	air_rise	0,0,0	0,0,0	True	False
-4055.103,42.25598,-5343.582	-0.03232653,0.7958267,0.02389054,0.6041888	air_rise	0,0,0	0,0,0	True	False
-4055.116,42.56495,-5343.322	-0.02845885,0.8015754,0.02103217,0.5968455	air_rise	0,0,0	0,0,0	True	False
-4055.118,42.86592,-5343.067	-0.02505164,0.8065629,0.01851411,0.590327	air_rise	0,0,0	0,0,0	True	False
-4055.109,43.15889,-5342.817	-0.02205079,0.8108959,0.01629637,0.5845476	air_rise	0,0,0	0,0,0	True	False
-4055.089,43.44386,-5342.572	-0.01940834,0.8146654,0.0143435,0.5794289	attack1	0,0,0	0,0,0	True	False
-4055.058,43.72083,-5342.332	-0.01708182,0.8179485,0.01262412,0.5748992	attack1	0,0,0	0,0,0	True	False
-4055.016,43.9898,-5342.096	-0.01274128,0.820863,0.007544878,0.5709332	attack1	0,0,0	0,0,0	True	False
-4054.964,44.25076,-5341.866	-0.00923991,0.8233781,0.003571259,0.5674068	attack1	0,0,0	0,0,0	True	False
-4054.9,44.50373,-5341.632	-0.006410744,0.8255586,0.0004670305,0.5642799	attack1	0,0,0	0,0,0	True	False
-4054.824,44.7487,-5341.393	-0.003545463,0.8004843,-0.001067738,0.5993423	attack1	0,0,0	0,0,0	True	False
-4054.738,44.98567,-5341.15	-0.001431367,0.7770489,-0.00212804,0.6294351	attack1	0,0,0	0,0,0	True	False
-4054.64,45.21464,-5340.903	-0.001654783,0.7553923,-0.001610187,0.6552688	attack1	0,0,0	0,0,0	True	False
-4054.531,45.43561,-5340.652	-0.003723347,0.7355592,0.0001477093,0.6774503	attack1	0,0,0	0,0,0	True	False
-4054.411,45.64858,-5340.397	-0.007246509,0.7175148,0.00287835,0.6964996	attack1	0,0,0	0,0,0	True	False
-4054.28,45.85355,-5340.137	-0.01185363,0.7011763,0.006328206,0.7128613	attack1	0,0,0	0,0,0	True	False
-4054.137,46.05051,-5339.874	-0.01720647,0.6864349,0.01026605,0.7269153	attack1	0,0,0	0,0,0	True	False
-4053.984,46.23948,-5339.605	-0.02300342,0.6731701,0.01448584,0.7389879	attack1	0,0,0	0,0,0	True	False
-4053.819,46.42045,-5339.333	-0.02898129,0.6612603,0.0188079,0.7493605	attack1	0,0,0	0,0,0	True	False
-4053.642,46.59342,-5339.057	-0.03491546,0.6505879,0.02307904,0.7582768	attack1	0,0,0	0,0,0	True	False
-4053.455,46.75839,-5338.776	-0.04061889,0.6410421,0.02717186,0.7659483	attack1	0,0,0	0,0,0	True	False
-4053.256,46.91536,-5338.491	-0.04594031,0.6325206,0.03098354,0.7725589	attack1	0,0,0	0,0,0	True	False
-4053.046,47.06433,-5338.202	-0.05076198,0.6249292,0.03443428,0.778268	attack1	0,0,0	0,0,0	True	False
-4052.825,47.2053,-5337.909	-0.05499693,0.6181818,0.03746541,0.7832133	attack1	0,0,0	0,0,0	True	False
-4052.592,47.33826,-5337.611	-0.05858597,0.6121992,0.04003736,0.7875131	attack1	0,0,0	0,0,0	True	False
-4052.348,47.46323,-5337.31	-0.06149449,0.6069086,0.04212741,0.7912685	attack1	0,0,0	0,0,0	True	False
-4052.093,47.5802,-5337.004	-0.06370912,0.6022426,0.04372747,0.7945645	attack1	0,0,0	0,0,0	True	False
-4051.827,47.68917,-5336.694	-0.06523449,0.5981393,0.04484174,0.797473	attack1	0,0,0	0,0,0	True	False
-4051.549,47.79014,-5336.379	-0.06608983,0.5945408,0.0454845,0.8000528	attack1	0,0,0	0,0,0	True	False
-4051.26,47.88311,-5336.061	-0.06630597,0.5913939,0.04567792,0.802353	attack1	0,0,0	0,0,0	True	False
-4050.96,47.96808,-5335.738	-0.06592236,0.588649,0.04545008,0.8044134	attack1	0,0,0	0,0,0	True	False
-4050.649,48.04505,-5335.412	-0.06498452,0.5862609,0.04483316,0.8062662	air2	0,0,0	0,0,0	True	False
-4050.327,48.11402,-5335.081	-0.06354161,0.5841875,0.04386185,0.8079379	air2	0,0,0	0,0,0	True	False
-4049.993,48.17499,-5334.745	-0.05593538,0.5826789,0.03861138,0.8098553	air2	0,0,0	0,0,0	True	False
-4049.648,48.22796,-5334.406	-0.04923593,0.5813069,0.03398684,0.811482	air2	0,0,0	0,0,0	True	False
-4049.292,48.27293,-5334.062	-0.04333634,0.5800653,0.02991444,0.8128662	air2	0,0,0	0,0,0	True	False
-4048.924,48.30989,-5333.714	-0.03814192,0.5789462,0.02632882,0.8140475	air2	0,0,0	0,0,0	True	False
-4048.546,48.33886,-5333.362	-0.03356895,0.5779408,0.02317216,0.8150586	attack1	0,0,0	0,0,0	True	False
-4048.156,48.35983,-5333.006	-0.02954344,0.5770403,0.0203934,0.8159263	attack1	0,0,0	0,0,0	True	False
-4047.755,48.3728,-5332.646	-0.02803466,0.5761889,0.01935889,0.8166062	attack1	0,0,0	0,0,0	True	False
-4047.342,48.37777,-5332.281	-0.02612746,0.5754505,0.01804652,0.8172199	attack1	0,0,0	0,0,0	True	False
-4046.919,48.37474,-5331.912	-0.02388217,0.5748094,0.01649833,0.8177724	attack1	0,0,0	0,0,0	True	False
-4046.484,48.36371,-5331.539	-0.02135331,0.5742514,0.01475232,0.8182676	attack1	0,0,0	0,0,0	True	False
-4046.038,48.34468,-5331.162	-0.01858941,0.5737642,0.01284225,0.8187088	attack1	0,0,0	0,0,0	True	False
-4045.581,48.31765,-5330.78	-0.01563336,0.573337,0.01079802,0.8190994	attack1	0,0,0	0,0,0	True	False
-4045.112,48.28262,-5330.394	-0.01252102,0.5727457,0.008648589,0.8195919	attack1	0,0,0	0,0,0	True	False
-4044.633,48.23959,-5330.003	-0.009271557,0.5709336,0.006438015,0.8209187	attack1	0,0,0	0,0,0	True	False
-4044.142,48.18856,-5329.607	-0.005914117,0.5684709,0.004186715,0.8226715	attack1	0,0,0	0,0,0	True	False
-4043.641,48.12952,-5329.206	-0.002441939,0.5641348,0.001949839,0.8256769	attack1	0,0,0	0,0,0	True	False
-4043.13,48.06249,-5328.799	0.001111277,0.5592142,-0.0002818552,0.8290225	attack1	0,0,0	0,0,0	True	False
-4042.607,47.98746,-5328.387	0.004722308,0.5546404,-0.002531251,0.832073	attack1	0,0,0	0,0,0	True	False
-4042.074,47.90443,-5327.969	0.00837545,0.5505905,-0.004800649,0.8347197	attack1	0,0,0	0,0,0	True	False
-4041.531,47.8134,-5327.545	0.01205526,0.5470036,-0.007081307,0.8370135	attack1	0,0,0	0,0,0	True	False
-4040.977,47.71437,-5327.116	0.0157461,0.5438256,-0.009364293,0.8389984	attack1	0,0,0	0,0,0	True	False
-4040.412,47.60734,-5326.682	0.01943409,0.5410081,-0.01164166,0.8407123	attack1	0,0,0	0,0,0	True	False
-4039.836,47.49231,-5326.242	0.02310702,0.5385084,-0.01390643,0.8421884	attack1	0,0,0	0,0,0	True	False
-4039.25,47.36927,-5325.796	0.02675428,0.5362889,-0.01615254,0.8434557	attack1	0,0,0	0,0,0	True	False
-4038.653,47.23824,-5325.345	0.03036674,0.5343161,-0.0183748,0.8445392	attack1	0,0,0	0,0,0	True	False
-4038.045,47.09921,-5324.889	0.03393667,0.5325605,-0.02056878,0.8454612	attack1	0,0,0	0,0,0	True	False
-4037.427,46.95218,-5324.427	0.03745758,0.530996,-0.02273083,0.8462408	attack1	0,0,0	0,0,0	True	False
-4036.798,46.79715,-5323.959	0.0409241,0.5295997,-0.02485791,0.8468952	attack1	0,0,0	0,0,0	True	False
-4036.158,46.63412,-5323.486	0.04433187,0.5283515,-0.02694758,0.8474392	attack1	0,0,0	0,0,0	True	False
-4035.508,46.46309,-5323.008	0.04767745,0.5272335,-0.02899792,0.8478861	air2	0,0,0	0,0,0	True	False
-4034.847,46.28406,-5322.524	0.05095814,0.52623,-0.03100746,0.8482475	air2	0,0,0	0,0,0	True	False
-4034.175,46.09703,-5322.035	0.04485173,0.5256582,-0.02729178,0.8490742	air2	0,0,0	0,0,0	True	False
-4033.5,45.902,-5321.534	0.03947537,0.5251322,-0.02402033,0.8497652	air2	0,0,0	0,0,0	True	False
-4032.822,45.69897,-5321.021	0.03504617,0.4838431,-0.0213252,0.8741927	air2	0,0,0	0,0,0	True	False
-4032.141,45.48794,-5320.497	0.03107428,0.4445266,-0.01890835,0.8950268	air2	0,0,0	0,0,0	True	False
-4031.458,45.26891,-5319.96	0.02752369,0.4071441,-0.01674786,0.9127955	air2	0,0,0	0,0,0	True	False
-4030.772,45.04187,-5319.413	0.02435596,0.3718497,-0.01482033,0.927855	air2	0,0,0	0,0,0	True	False
-4030.085,44.80684,-5318.853	0.02153186,0.3392387,-0.0131019,0.9403626	air2	0,0,0	0,0,0	True	False
-4029.396,44.56381,-5318.282	0.01901801,0.3096048,-0.01157225,0.9506047	air2	0,0,0	0,0,0	True	False
-4028.705,44.31278,-5317.698	0.01678382,0.2831972,-0.01021277,0.9588605	air2	0,0,0	0,0,0	True	False
-4028.012,44.05375,-5317.103	0.0148026,0.2597253,-0.009007216,0.9655271	attack1	0,0,0	0,0,0	True	False
-4027.317,43.78672,-5316.496	0.01304874,0.2389051,-0.007940017,0.9709228	attack1	0,0,0	0,0,0	True	False
-4026.62,43.51169,-5315.877	0.02370773,0.2202501,-0.007986754,0.9751226	attack1	0,0,0	0,0,0	True	False
-4025.921,43.22866,-5315.247	0.0329735,0.203723,-0.008015212,0.9784403	attack1	0,0,0	0,0,0	True	False
-4025.22,42.93763,-5314.604	0.04117768,0.1891015,-0.008042027,0.9810609	attack1	0,0,0	0,0,0	True	False
-4024.517,42.6386,-5313.95	0.04844496,0.1761789,-0.008067902,0.9831322	attack1	0,0,0	0,0,0	True	False
-4023.813,42.33157,-5313.284	0.05489325,0.1647671,-0.00809389,0.9847706	attack1	0,0,0	0,0,0	True	False
-4023.106,42.01654,-5312.605	0.06062943,0.1546957,-0.008121013,0.9860666	attack1	0,0,0	0,0,0	True	False
-4022.397,41.6935,-5311.916	0.06574918,0.1458119,-0.008150194,0.9870915	attack1	0,0,0	0,0,0	True	False
-4021.687,41.36247,-5311.214	0.07033723,0.1379786,-0.008182216,0.9879006	attack1	0,0,0	0,0,0	True	False
-4020.975,41.02344,-5310.5	0.07446808,0.1310737,-0.008217713,0.9885377	attack1	0,0,0	0,0,0	True	False
-4020.26,40.67641,-5309.775	0.07820677,0.1249887,-0.008257164,0.9890366	attack1	0,0,0	0,0,0	True	False
-4019.544,40.32138,-5309.038	0.08160985,0.1196271,-0.008300912,0.9894242	attack1	0,0,0	0,0,0	True	False
-4018.826,39.95835,-5308.289	0.08472622,0.1149036,-0.008349176,0.9897217	attack1	0,0,0	0,0,0	True	False
-4018.105,39.58732,-5307.528	0.08759807,0.1107427,-0.008402064,0.9899455	attack1	0,0,0	0,0,0	True	False
-4017.384,39.20829,-5306.755	0.09026163,0.1070775,-0.008459599,0.990109	attack1	0,0,0	0,0,0	True	False
-4016.66,38.82126,-5305.97	0.09274792,0.1038491,-0.008521717,0.9902225	attack1	0,0,0	0,0,0	False	False
-4015.936,38.42623,-5305.186	0.09508344,0.1010054,-0.008588301,0.9902946	attack1	0,0,0	0,0,0	False	False
-4015.212,38.0232,-5304.401	0.09729076,0.09850064,-0.008659183,0.9903319	attack1	0,0,0	0,0,0	False	False
-4014.488,37.61217,-5303.616	0.09942323,0.09629392,-0.008736921,0.9903364	attack1	0,0,0	0,0,0	False	False
-4013.764,37.19314,-5302.832	0.101494,0.09434962,-0.008821029,0.9903128	attack1	0,0,0	0,0,0	False	False
-4013.04,36.76611,-5302.047	0.1035143,0.09263633,-0.008911066,0.9902646	attack1	0,0,0	0,0,0	False	False
-4012.316,36.33107,-5301.262	0.1054939,0.09112635,-0.009006605,0.9901949	attack1	0,0,0	0,0,0	False	False
-4011.593,35.88804,-5300.478	0.1074406,0.08979531,-0.009107233,0.9901063	attack1	0,0,0	0,0,0	False	False
-4010.869,35.43701,-5299.693	0.1093611,0.08862174,-0.009212557,0.9900008	attack1	0,0,0	0,0,0	False	False
-4010.145,34.97798,-5298.908	0.1112607,0.08758672,-0.009322198,0.9898801	attack1	0,0,0	0,0,0	False	False
-4009.421,34.51095,-5298.124	0.1131441,0.08667361,-0.009435799,0.989746	air2	0,0,0	0,0,0	False	False
-4008.697,34.03592,-5297.339	0.1150147,0.08586776,-0.00955302,0.9895995	air2	0,0,0	0,0,0	False	False
-4007.973,33.55289,-5296.554	0.1012846,0.08529866,-0.008412612,0.9911583	air2	0,0,0	0,0,0	False	False
-4007.249,33.06186,-5295.77	0.08917935,0.08478398,-0.00740716,0.9923729	air2	0,0,0	0,0,0	False	False
-4006.525,32.56283,-5294.985	0.07851118,0.0843204,-0.006521071,0.9933195	air2	0,0,0	0,0,0	False	False
-4005.802,32.0558,-5294.2	0.06911258,0.08390424,-0.005740432,0.9940577	air2	0,0,0	0,0,0	False	False
-4005.078,31.54077,-5293.416	0.06083458,0.08353169,-0.005052868,0.9946337	air2	0,0,0	0,0,0	False	False
-4004.354,31.01774,-5292.631	0.053545,0.08319898,-0.004447402,0.9950835	air2	0,0,0	0,0,0	False	False
-4003.63,30.48671,-5291.846	0.04712681,0.08290245,-0.003914312,0.9954351	air2	0,0,0	0,0,0	False	False
-4002.906,29.94768,-5291.062	0.04147651,0.08263862,-0.003445002,0.9957101	air2	0,0,0	0,0,0	False	False
-4002.182,29.40064,-5290.277	0.03650885,0.07588162,-0.003032393,0.9964436	air2	0,0,0	0,0,0	False	False
-4001.458,28.84561,-5289.492	0.03213505,0.0694079,-0.002669109,0.9970671	air2	0,0,0	0,0,0	False	False
-4000.734,28.28258,-5288.708	0.02828379,0.06370649,-0.002349227,0.997565	air2	0,0,0	0,0,0	False	False
-4000.01,27.71155,-5287.923	0.02489311,0.05868606,-0.0020676,0.9979639	air2	0,0,0	0,0,0	False	False
-3999.287,27.13252,-5287.138	0.02190823,0.05426582,-0.001819679,0.9982845	air2	0,0,0	0,0,0	False	False
-3998.563,26.54549,-5286.354	0,0.01744082,0,0.9998479	dash	0,0,0	0,0,0	False	True
-3997.811,25.95046,-5284.77	0,0.01744082,0,0.9998479	dash	0,0,0	0,0,0	False	False
-3997.085,25.3682,-5283.241	0,0.01744082,0,0.9998479	dash	0,0,0	0,0,0	False	False
-3996.385,24.79883,-5281.767	0,0.01744082,0,0.9998479	dash	0,0,0	0,0,0	False	False
-3995.71,24.24078,-5280.343	0,0.01744082,0,0.9998479	dash	0,0,0	0,0,0	False	False
-3995.058,23.69436,-5278.969	0,0.01744082,0,0.9998479	dash	0,0,0	0,0,0	False	False
-3994.428,23.15886,-5277.643	0,0.01744082,0,0.9998479	dash	0,0,0	0,0,0	False	False
-3993.821,22.6343,-5276.363	0,0.01744082,0,0.9998479	dash	0,0,0	0,0,0	False	False
-3993.235,22.12002,-5275.128	0,0.01744082,0,0.9998479	dash	0,0,0	0,0,0	False	False
-3992.662,21.60959,-5273.922	0,0.01744082,0,0.9998479	dash	0,0,0	0,0,0	False	False
-3992.11,21.1094,-5272.759	0,-0.08389476,0,0.9964746	air_hook_l_just	-4000.187,42.75307,-5225.133	0,0,0	False	False
-3991.58,20.83723,-5271.619	0,-0.08389476,0,0.9964746	air_hook_l_just	-4000.187,42.75307,-5225.133	0,0,0	False	False
-3991.052,20.56854,-5270.463	0,-0.08389476,0,0.9964746	air_hook_l_just	-4000.187,42.75307,-5225.133	0,0,0	False	False
-3990.527,20.30354,-5269.292	-0.00787111,-0.07997423,0.01999844,0.9965652	air_hook_l_just	-4000.187,42.75307,-5225.133	0,0,0	False	False
-3990.006,20.04244,-5268.105	-0.01501591,-0.0773564,0.037558,0.9961827	air_hook_l_just	-4000.187,42.75307,-5225.133	0,0,0	False	False
-3989.488,19.78548,-5266.903	-0.02152284,-0.0759331,0.05296214,0.9954727	air_hook_l_just	-4000.187,42.75307,-5225.133	0,0,0	True	False
-3988.976,19.53287,-5265.673	-0.02747228,-0.07560857,0.06646591,0.9945406	air_hook_l_just	-4000.187,42.75307,-5225.133	0,0,0	True	False
-3988.469,19.28486,-5264.417	-0.03293679,-0.07629913,0.07829729,0.9934602	air_hook_l_just	-4000.187,42.75307,-5225.133	0,0,0	True	False
-3987.968,19.04167,-5263.134	-0.03803423,-0.07795534,0.08859698,0.9922837	air_hook_l_just	-4000.187,42.75307,-5225.133	0,0,0	True	False
-3987.473,18.80357,-5261.824	-0.04281724,-0.08051551,0.09755439,0.9910434	air_hook_l_just	-4000.187,42.75307,-5225.133	0,0,0	True	False
-3986.984,18.5708,-5260.488	-0.04733353,-0.08392972,0.1053369,0.9897573	air_hook_l_just	-4000.187,42.75307,-5225.133	0,0,0	True	False
-3986.501,18.34362,-5259.126	-0.05162639,-0.08815869,0.1120925,0.9884321	air_hook_l_just	-4000.187,42.75307,-5225.133	0,0,0	True	False
-3986.026,18.12229,-5257.739	-0.05573551,-0.09317395,0.1179519,0.9870661	air_hook_l_just	-4000.187,42.75307,-5225.133	0,0,0	True	False
-3985.558,17.90709,-5256.327	-0.05969732,-0.09895674,0.1230298,0.9856508	air_hook_l_just	-4000.187,42.75307,-5225.133	0,0,0	True	False
-3985.098,17.69829,-5254.889	-0.06354588,-0.1054969,0.1274285,0.9841719	air_hook_l_just	-4000.187,42.75307,-5225.133	0,0,0	True	False
-3984.646,17.49617,-5253.427	-0.06731302,-0.1127944,0.1312371,0.9826105	air_hook_l_just	-4000.187,42.75307,-5225.133	0,0,0	True	False
-3984.205,17.301,-5251.941	-0.07102877,-0.1208576,0.1345334,0.980943	air_hook_l_just	-4000.187,42.75307,-5225.133	0,0,0	True	False
-3983.773,17.11306,-5250.432	-0.07472181,-0.1297029,0.1373854,0.979142	air_hook_l_just	-4000.187,42.75307,-5225.133	0,0,0	True	False
-3983.353,16.93264,-5248.9	-0.07842019,-0.1393539,0.1398532,0.9771755	air_hook_l_just	-4000.187,42.75307,-5225.133	0,0,0	True	False
-3982.944,16.76002,-5247.346	-0.08215252,-0.14984,0.1419912,0.9750064	air_hook_l_just	-4000.187,42.75307,-5225.133	0,0,0	True	False
-3982.548,16.59546,-5245.77	-0.08594932,-0.161196,0.1438502,0.9725922	air_hook_l_just	-4000.187,42.75307,-5225.133	0,0,0	True	False
-3982.164,16.43923,-5244.173	-0.08984255,-0.1734614,0.1454758,0.9698847	air_hook_l_just	-4000.187,42.75307,-5225.133	0,0,0	True	False
-3981.792,16.2916,-5242.556	-0.09386675,-0.1866796,0.1469094,0.9668285	air_hook_l_just	-4000.187,42.75307,-5225.133	0,0,0	True	False
-3981.435,16.15281,-5240.919	-0.09805959,-0.2008967,0.1481888,0.9633613	air_hook_l_just	-4000.187,42.75307,-5225.133	0,0,0	True	False
-3981.091,16.0231,-5239.264	-0.1024613,-0.2161594,0.1493462,0.9594126	air_hook_l_just	-4000.187,42.75307,-5225.133	0,0,0	True	False
-3980.761,15.90267,-5237.59	-0.1071151,-0.2325105,0.150409,0.9549044	air_hook_l_just	-4000.187,42.75307,-5225.133	0,0,0	True	False
-3980.446,15.79172,-5235.899	-0.1120672,-0.2499856,0.1513993,0.9497507	air_hook_l_just	-4000.187,42.75307,-5225.133	0,0,0	True	False
-3980.145,15.69043,-5234.191	-0.1173654,-0.2686074,0.1523324,0.9438593	air_hook_l_just	-4000.187,42.75307,-5225.133	0,0,0	True	False
-3979.858,15.59893,-5232.468	-0.1230573,-0.2883799,0.1532156,0.9371334	air_hook_l_just	-4000.187,42.75307,-5225.133	0,0,0	True	False
-3979.587,15.51735,-5230.729	-0.1291882,-0.309282,0.1540475,0.9294754	air_hook_l_just	-4000.187,42.75307,-5225.133	0,0,0	True	False
-3979.331,15.44575,-5228.978	-0.1357982,-0.3312615,0.1548175,0.9207911	air_hook_l_just	-4000.187,42.75307,-5225.133	0,0,0	True	False
-3979.118,15.42689,-5227.216	-0.142917,-0.3542281,0.1555053,0.9109969	air_hook_l_just	-4000.187,42.75307,-5225.133	0,0,0	True	False
-3978.962,15.47855,-5225.448	-0.1503838,-0.3782572,0.1557572,0.9000255	air_hook_l_just	-4000.187,42.75307,-5225.133	0,0,0	True	False
-3978.865,15.60085,-5223.677	-0.1581722,-0.4031394,0.1556381,0.8878271	air_hook_l_just	-4000.187,42.75307,-5225.133	0,0,0	True	False
-3978.825,15.79368,-5221.908	-0.16627,-0.4286543,0.1551494,0.8743789	air_hook_l	-4000.187,42.75307,-5225.133	0,0,0	True	False
-3978.844,16.05671,-5220.147	-0.1746508,-0.4545712,0.1542869,0.8596846	air_hook_l	-4000.187,42.75307,-5225.133	0,0,0	False	False
-3978.874,16.31896,-5218.459	-0.1832753,-0.4806561,0.1530441,0.8437757	air_hook_l	-4000.187,42.75307,-5225.133	0,0,0	False	False
-3978.913,16.5803,-5216.842	-0.1924002,-0.5063937,0.1518007,0.8267431	air_hook_l	-4000.187,42.75307,-5225.133	0,0,0	False	False
-3978.962,16.84058,-5215.293	-0.2015587,-0.5316387,0.1506793,0.8087213	air_hook_l	-4000.187,42.75307,-5225.133	0,0,0	False	False
-3979.02,17.09965,-5213.812	-0.2106714,-0.5561166,0.149625,0.7899141	air_hook_l	-4000.187,42.75307,-5225.133	0,0,0	False	False
-3979.085,17.35733,-5212.396	-0.2196595,-0.5796117,0.1485982,0.7705314	air_hook_l	-4000.187,42.75307,-5225.133	0,0,0	False	False
-3979.159,17.61347,-5211.042	-0.2284501,-0.6019666,0.1475724,0.7507791	air_hook_l	-4000.187,42.75307,-5225.133	0,0,0	False	False
-3979.241,17.86788,-5209.75	-0.2369795,-0.6230767,0.1465317,0.7308521	air_hook_l	-4000.187,42.75307,-5225.133	0,0,0	False	False
-3979.329,18.12042,-5208.517	-0.2451952,-0.6428842,0.1454677,0.7109278	air_hook_l	-4000.187,42.75307,-5225.133	0,0,0	False	False
-3979.424,18.37091,-5207.342	-0.2530555,-0.6613694,0.1443782,0.6911644	air_hook_l	-4000.187,42.75307,-5225.133	0,0,0	False	False
-3979.526,18.61922,-5206.222	-0.2605299,-0.6785446,0.1432644,0.6716968	air_hook_l	-4000.187,42.75307,-5225.133	0,0,0	True	False
-3979.861,19.14326,-5205.253	-0.2675975,-0.6944454,0.1421295,0.652638	air_hook_l	-4000.187,42.75307,-5225.133	0,0,0	True	False
-3980.218,19.68854,-5204.303	-0.2715319,-0.7111208,0.1388046,0.6334911	air_hook_l	-4000.187,42.75307,-5225.133	0,0,0	True	False
-3980.596,20.25451,-5203.374	-0.2753855,-0.7265105,0.1353938,0.6148283	air_hook_l	-4000.187,42.75307,-5225.133	0,0,0	True	False
-3980.994,20.84058,-5202.466	-0.2791479,-0.7407366,0.1319075,0.5966457	air_hook_l	-4000.187,42.75307,-5225.133	0,0,0	True	False
-3981.414,21.44617,-5201.581	-0.2828091,-0.7539089,0.1283546,0.5789347	air_hook_l	-4000.187,42.75307,-5225.133	0,0,0	True	False
-3981.853,22.07062,-5200.719	-0.2863597,-0.7661259,0.1247428,0.5616837	air_hook_l	-4000.187,42.75307,-5225.133	0,0,0	True	False
-3982.312,22.7133,-5199.881	-0.289791,-0.777476,0.1210785,0.5448782	air_hook_l	-4000.187,42.75307,-5225.133	0,0,0	True	False
-3982.789,23.37354,-5199.069	-0.2930949,-0.788039,0.1173674,0.5285023	air_hook_l	0,0,0	0,0,0	True	False
-3983.273,24.02578,-5198.246	-0.2962641,-0.7978872,0.1136142,0.5125383	air_hook_l	0,0,0	0,0,0	True	False
-3983.765,24.67001,-5197.414	-0.2696798,-0.756322,0.1034194,0.5869874	air_hook_l	0,0,0	0,0,0	True	False
-3984.256,25.30625,-5196.582	-0.2419016,-0.7230001,0.09276678,0.6404286	air_hook_l	0,0,0	0,0,0	True	False
-3984.748,25.93448,-5195.75	-0.2160946,-0.6902672,0.08287005,0.6855413	air_hook_l	0,0,0	0,0,0	True	False
-3985.24,26.55472,-5194.917	-0.192412,-0.6588733,0.07378801,0.723477	air_hook_l	0,0,0	0,0,0	True	False
-3985.731,27.16696,-5194.085	-0.1708841,-0.6292971,0.06553232,0.7553074	air_hook_l	0,0,0	0,0,0	True	False
-3986.223,27.77119,-5193.253	-0.151458,-0.6018104,0.0580826,0.7819918	air_hook_l	0,0,0	0,0,0	True	False
-3986.715,28.36743,-5192.421	-0.1340275,-0.5765333,0.05139817,0.8043658	air_hook_l	0,0,0	0,0,0	True	False
-3987.202,28.95567,-5191.579	-0.1184561,-0.5534786,0.04542668,0.823144	air_hook_l	0,0,0	0,0,0	True	False
-3987.684,29.5359,-5190.725	-0.1077546,-0.4787476,0.04132278,0.8703345	air_hook_l	0,0,0	0,0,0	True	False
-3988.162,30.10814,-5189.859	-0.09732027,-0.4083628,0.03732133,0.9068493	air_hook_l	0,0,0	0,0,0	True	False
-3988.635,30.67238,-5188.983	-0.08740384,-0.3431239,0.03351848,0.9346139	air_hook_l	0,0,0	0,0,0	True	False
-3989.104,31.22861,-5188.095	-0.07813705,-0.2837467,0.02996476,0.9552405	air_hook_l	0,0,0	0,0,0	True	False
-3989.569,31.77685,-5187.196	-0.06960697,-0.2301136,0.02669356,0.9703041	air_hook_l	0,0,0	0,0,0	True	False
-3990.03,32.31709,-5186.286	-0.06183057,-0.1823329,0.02371139,0.9810043	air_hook_l	0,0,0	0,0,0	True	False
-3990.486,32.84932,-5185.365	-0.05480055,-0.1400973,0.02101545,0.9883967	air_hook_l	0,0,0	0,0,0	True	False
-3990.938,33.37356,-5184.432	-0.04849307,-0.1025015,0.0185966,0.9933761	air_hook_l	0,0,0	0,0,0	True	False
-3991.386,33.88979,-5183.488	-0.04285856,-0.06914738,0.01643582,0.9965499	air_hook_l	0,0,0	0,0,0	True	False
-3991.83,34.39803,-5182.533	-0.03783798,-0.04014319,0.01451048,0.9983718	air_hook_l	0,0,0	0,0,0	True	False
-3992.271,34.89827,-5181.567	-0.03337328,-0.01581589,0.01279831,0.9992359	air_hook_l	0,0,0	0,0,0	True	False
-3992.708,35.3905,-5180.589	-0.02941335,0.004082853,0.01127972,0.9994954	air_hook_l	0,0,0	0,0,0	True	False
-3993.143,35.87474,-5179.599	-0.02590783,0.01953233,0.009935389,0.9994241	air_hook_l	0,0,0	0,0,0	True	False
-3993.575,36.35098,-5178.598	-0.02281196,0.03156959,0.008748154,0.9992029	air_hook_l	0,0,0	0,0,0	True	False
-3994.005,36.81921,-5177.584	-0.02007986,0.03955239,0.00770042,0.9989861	air_hook_l	0,0,0	0,0,0	True	False
-3994.435,37.27945,-5176.559	-0.01767183,0.04370154,0.006776963,0.9988654	air_hook_l	0,0,0	0,0,0	True	False
-3994.863,37.73169,-5175.522	-0.01555164,0.04526035,0.005963894,0.9988364	air_hook_l	0,0,0	0,0,0	True	False
-3995.29,38.17592,-5174.473	-0.01368567,0.04453961,0.005248314,0.9989001	air_hook_l	0,0,0	0,0,0	True	False
-3995.717,38.61216,-5173.412	-0.01204369,0.04259747,0.004618633,0.9990091	air_hook_l	0,0,0	0,0,0	True	False
-3996.144,39.0404,-5172.338	-0.01059874,0.04036496,0.004064507,0.9991205	air_hook_l	0,0,0	0,0,0	True	False
-3996.569,39.46064,-5171.253	-0.009327084,0.03840007,0.003576841,0.9992126	air_hook_l	0,0,0	0,0,0	True	False
-3996.994,39.87287,-5170.156	-0.008207967,0.03667075,0.003147671,0.9992887	air_hook_l	0,0,0	0,0,0	True	False
-3997.419,40.27711,-5169.046	0,-0.9991988,0,0.04002248	air_hook_l_just	-4001.068,43.58448,-5214.529	0,0,0	True	False
-3997.844,40.72941,-5167.943	0,-0.9991988,0,0.04002248	air_hook_l_just	-4001.068,43.58448,-5214.529	0,0,0	True	False
-3998.27,41.17842,-5166.837	0,-0.9991988,0,0.04002248	air_hook_l_just	-4001.068,43.58448,-5214.529	0,0,0	True	False
-3998.697,41.62415,-5165.73	0.002705596,-0.993477,0.1114193,0.02412461	attack1_hook_l2	-4001.068,43.58448,-5214.529	0,0,0	True	False
-3999.125,42.06658,-5164.622	0.002533729,-0.9913028,0.1301533,0.01929796	attack1_hook_l2	-4001.068,43.58448,-5214.529	0,0,0	True	False
-3999.552,42.5057,-5163.511	0.001953654,-0.9912007,0.1315317,0.0147224	attack1_hook_l2	-4001.068,43.58448,-5214.529	0,0,0	True	False
-3999.981,42.94152,-5162.399	-0.0007810459,-0.9971357,-0.07491142,0.01039639	attack1_hook_l2	-4001.068,43.58448,-5214.529	0,0,0	True	False
-4000.28,43.22408,-5163.601	-0.0007398211,-0.9953961,-0.09553394,0.007708413	attack1_hook_l2	-4001.068,43.58448,-5214.529	0,0,0	True	False
-4000.579,43.50277,-5164.833	-0.0004577306,-0.9956594,-0.0929423,0.004903512	attack1_hook_l2	-4001.068,43.58448,-5214.529	0,0,0	True	False
-4000.879,43.77749,-5166.095	-0.0001752649,-0.9959748,-0.08961171,0.001947953	attack1_hook_l2	-4001.068,43.58448,-5214.529	0,0,0	True	False
-4001.188,44.04414,-5167.382	-0.0001076158,0.9963952,0.0848236,0.001264128	attack1_hook_l2	-4001.068,43.58448,-5214.529	0,0,0	True	False
-4001.506,44.30261,-5168.695	-0.0003827905,0.9967702,0.08016489,0.004759617	attack1_hook_l2	-4001.068,43.58448,-5214.529	0,0,0	True	False
-4001.833,44.5528,-5170.034	-0.0006499835,0.9970974,0.07565144,0.008566882	attack1_hook_l2	-4001.068,43.58448,-5214.529	0,0,0	True	False
-4002.169,44.79461,-5171.398	-0.0009090262,0.9973752,0.07127506,0.0127203	attack1_hook_l2	-4001.068,43.58448,-5214.529	0,0,0	True	False
-4002.513,45.02792,-5172.788	-0.001159315,0.9976013,0.0670276,0.0172546	attack1_hook_l2	-4001.068,43.58448,-5214.529	0,0,0	True	False
-4002.865,45.25262,-5174.204	-0.001400771,0.9977714,0.06290206,0.02221944	attack1_hook_l2	-4001.068,43.58448,-5214.529	0,0,0	True	False
-4003.226,45.46858,-5175.646	-0.001632412,0.9978797,0.05889188,0.02766003	attack1_hook_l2	-4001.068,43.58448,-5214.529	0,0,0	True	False
-4003.593,45.67569,-5177.114	-0.001853485,0.9979184,0.05499322,0.03363372	attack1_hook_l2	-4001.068,43.58448,-5214.529	0,0,0	True	False
-4003.968,45.8738,-5178.609	-0.00206307,0.9978766,0.0512,0.04020877	attack1_hook_l2	-4001.068,43.58448,-5214.529	0,0,0	True	False
-4004.348,46.06278,-5180.131	-0.002259888,0.9977401,0.04750608,0.04746299	attack1_hook_l2	-4001.068,43.58448,-5214.529	0,0,0	True	False
-4004.734,46.2425,-5181.681	-0.002442459,0.9974904,0.04390563,0.05549014	attack1_hook_l2	-4001.068,43.58448,-5214.529	0,0,0	True	False
-4005.125,46.41278,-5183.257	-0.002609282,0.9971024,0.04039455,0.06440774	attack1_hook_l2	-4001.068,43.58448,-5214.529	0,0,0	True	False
-4005.52,46.57349,-5184.862	-0.002758291,0.9965425,0.03696767,0.07435563	attack1_hook_l2	-4001.068,43.58448,-5214.529	0,0,0	True	False
-4005.918,46.72442,-5186.494	-0.002886782,0.9957665,0.03362038,0.08550056	attack1_hook_l2	-4001.068,43.58448,-5214.529	0,0,0	True	False
-4006.319,46.86541,-5188.155	-0.002991817,0.994714,0.03035165,0.09805075	attack1_hook_l2	-4001.068,43.58448,-5214.529	0,0,0	True	False
-4006.719,46.99625,-5189.844	-0.003070345,0.9933044,0.02717114,0.1122436	attack1_hook_l2	-4001.068,43.58448,-5214.529	0,0,0	True	False
-4007.117,47.11671,-5191.563	-0.003118549,0.9914297,0.02408633,0.1283642	attack1_hook_l2	-4001.068,43.58448,-5214.529	0,0,0	True	False
-4007.508,47.22655,-5193.311	-0.00313018,0.9889414,0.02109189,0.1467656	attack1_hook_l2	-4001.068,43.58448,-5214.529	0,0,0	True	False
-4007.89,47.32552,-5195.086	-0.003097093,0.9856316,0.01818111,0.1678991	attack1_hook_l2	-4001.068,43.58448,-5214.529	0,0,0	True	False
-4008.261,47.4133,-5196.889	-0.003009317,0.9812015,0.01535082,0.1923511	attack1_hook_l2	-4001.068,43.58448,-5214.529	0,0,0	True	False
-4008.618,47.48959,-5198.717	-0.002852366,0.9752191,0.01259453,0.2208642	attack1_hook_l2	-4001.068,43.58448,-5214.529	0,0,0	True	False
-4008.958,47.55401,-5200.569	-0.002612716,0.9670521,0.00993285,0.2543714	attack1_hook_l2	-4001.068,43.58448,-5214.529	0,0,0	True	False
-4009.281,47.60616,-5202.443	-0.002273794,0.9557764,0.007392157,0.2939925	attack1_hook_l2	-4001.068,43.58448,-5214.529	0,0,0	True	False
-4009.582,47.64558,-5204.336	-0.001821413,0.9400625,0.005021821,0.3409603	attack1_hook_l2	-4001.068,43.58448,-5214.529	0,0,0	True	False
-4009.861,47.67181,-5206.245	-0.001821413,0.9400625,0.005021821,0.3409603	air_hook_l	-4001.068,43.58448,-5214.529	0,0,0	True	False
-4010.116,47.68435,-5208.166	-0.001821413,0.9400625,0.005021821,0.3409603	air_hook_l	-4001.068,43.58448,-5214.529	0,0,0	True	False
-4010.345,47.6827,-5210.096	0.02666237,0.939953,0.02545732,0.3393074	air_hook_l	-4001.068,43.58448,-5214.529	0,0,0	True	False
-4010.548,47.66647,-5212.031	0.05237264,0.9362816,0.04617285,0.344241	air_hook_l	-4001.068,43.58448,-5214.529	0,0,0	True	False
-4010.723,47.63541,-5213.967	0.07539189,0.9289764,0.0677463,0.3559909	air_hook_l	0,0,0	0,0,0	True	False
-4010.887,47.59634,-5215.908	0.09563599,0.9178405,0.09066305,0.3744368	air2_right	0,0,0	0,0,0	True	False
-4011.04,47.54928,-5217.853	0.08439807,0.9107691,0.08000949,0.3962008	air2_right	0,0,0	0,0,0	True	False
-4011.181,47.49422,-5219.8	0.07448397,0.902212,0.07061091,0.418903	air2_right	0,0,0	0,0,0	True	False
-4011.311,47.43116,-5221.75	0.0657393,0.8922492,0.06232095,0.4423639	air2_right	0,0,0	0,0,0	True	False
-4011.429,47.3601,-5223.703	0.05802367,0.8810642,0.05500652,0.4661904	air2_right	0,0,0	0,0,0	True	False
-4011.534,47.28103,-5225.657	0.05120338,0.8693439,0.04854089,0.4891454	air2_right	0,0,0	0,0,0	True	False
-4011.628,47.19397,-5227.613	0.0451709,0.8575395,0.04282208,0.5106387	air2_right	0,0,0	0,0,0	True	False
-4011.71,47.09891,-5229.57	0.03982862,0.8465174,0.0377576,0.5295247	air2_right	0,0,0	0,0,0	True	False
-4011.781,46.99585,-5231.528	0.03510267,0.8364295,0.03327739,0.5459361	air2_right	0,0,0	0,0,0	True	False
-4011.839,46.88478,-5233.488	0.0309279,0.8271091,0.0293197,0.5604234	air2_right	0,0,0	0,0,0	True	False
-4011.885,46.76572,-5235.45	0.02724299,0.8185241,0.0258264,0.5732444	air2_right	0,0,0	0,0,0	True	False
-4011.919,46.63866,-5237.413	0.02399188,0.8107848,0.02274434,0.5844101	air2_right	0,0,0	0,0,0	True	False
-4011.942,46.50359,-5239.377	0.02112566,0.8036777,0.02002715,0.5943524	air2_right	0,0,0	0,0,0	True	False
-4011.952,46.36053,-5241.343	0.01859931,0.7973108,0.01763217,0.6030246	air2_right	0,0,0	0,0,0	True	False
-4011.951,46.20947,-5243.31	0.01637335,0.7916216,0.01552196,0.610595	air2_right	0,0,0	0,0,0	True	False
-4011.938,46.05041,-5245.279	0.01441284,0.7863873,0.0136634,0.6174145	air2_right	0,0,0	0,0,0	True	False
-4011.913,45.88335,-5247.249	0.01268623,0.7817272,0.01202656,0.6233755	air2_right	0,0,0	0,0,0	True	False
-4011.875,45.70828,-5249.22	0.01116588,0.7775849,0.01058527,0.6285897	air2_right	0,0,0	0,0,0	True	False
-4011.826,45.52522,-5251.192	0.009827335,0.7739078,0.009316326,0.6331534	air2_right	0,0,0	0,0,0	True	False
-4011.765,45.33416,-5253.167	0.008648983,0.7706475,0.008199248,0.6371502	air2_right	0,0,0	0,0,0	True	False
-4011.692,45.13509,-5255.142	0.007611737,0.7677595,0.007215937,0.6406522	air2_right	0,0,0	0,0,0	True	False
-4011.608,44.92803,-5257.119	0.00669876,0.7652035,0.006350433,0.6437222	air2_right	0,0,0	0,0,0	True	False
-4011.511,44.71297,-5259.097	0.005895164,0.7631122,0.005588624,0.6462149	air2_right	0,0,0	0,0,0	True	False
-4011.402,44.48991,-5261.077	0.005187891,0.7614341,0.004918128,0.6482029	air2_right	0,0,0	0,0,0	True	False
-4011.282,44.25885,-5263.058	0.004565409,0.7602926,0.004328014,0.6495503	air2_right	0,0,0	0,0,0	True	False
-4011.149,44.01978,-5265.041	0.004017605,0.7592857,0.003808694,0.6507339	air2_right	0,0,0	0,0,0	True	False
-4011.005,43.77272,-5267.025	0.003535522,0.7583977,0.003351679,0.651774	air2_right	0,0,0	0,0,0	True	False
-4010.849,43.51766,-5269.012	0.00311128,0.7576148,0.002949496,0.6526879	air2_right	0,0,0	0,0,0	True	False
-4010.681,43.2546,-5271	0.002737935,0.7570958,0.002595566,0.653293	air2_right	0,0,0	0,0,0	True	False
-4010.501,42.98354,-5272.989	0.002409389,0.7566385,0.002284104,0.653825	air2_right	0,0,0	0,0,0	True	False
-4010.309,42.70447,-5274.98	0.002120267,0.7562356,0.002010015,0.6542929	air2_right	0,0,0	0,0,0	True	False
-4010.105,42.41741,-5276.973	0.001865836,0.7560522,0.001768815,0.6545064	air2_right	0,0,0	0,0,0	True	False
-4009.889,42.12234,-5278.967	0.001641937,0.7558905,0.001556558,0.6546941	air2_right	0,0,0	0,0,0	True	False
-4009.662,41.81928,-5280.963	0.001444905,0.7557483,0.001369772,0.6548592	air2_right	0,0,0	0,0,0	True	False
-4009.422,41.50822,-5282.96	0.001271517,0.755623,0.001205399,0.6550045	air2_right	0,0,0	0,0,0	True	False
-4009.173,41.18916,-5284.951	0.001118935,0.7555127,0.001060752,0.6551323	air2_right	0,0,0	0,0,0	True	False
-4008.915,40.8621,-5286.934	0.0009927254,0.7242758,0.0009411047,0.689509	air2_right	0,0,0	0,0,0	True	False
-4008.647,40.52703,-5288.91	0.0008791648,0.6953076,0.0008334492,0.7187113	air2_right	0,0,0	0,0,0	True	False
-4008.369,40.18397,-5290.879	0.0007774973,0.6687092,0.0007370682,0.7435234	air2_right	0,0,0	0,0,0	True	False
-4008.082,39.83291,-5292.84	0.0006868299,0.6444765,0.0006511154,0.7646236	air2_right	0,0,0	0,0,0	True	False
-4007.792,39.47385,-5294.79	0.000606215,0.6225352,0.0005746925,0.7825915	air2_right	0,0,0	0,0,0	True	False
-4007.502,39.10678,-5296.728	0.0005436631,0.5668285,0.0005153932,0.8238355	air2_right	0,0,0	0,0,0	True	False
-4007.21,38.73172,-5298.654	0,0.01580564,0,0.9998751	air_hook_l_just	-4004.772,44.96194,-5221.566	0,0,0	True	False
-4006.916,38.43071,-5300.55	0,0.01580564,0,0.9998751	air_hook_l_just	-4004.772,44.96194,-5221.566	0,0,0	True	False
-4006.315,38.00628,-5302.351	0,0.01580564,0,0.9998751	air_hook_l_just	-4004.772,44.96194,-5221.566	0,0,0	True	False
-4005.7,37.57222,-5304.147	-0.003219521,0.03476848,0.04221495,0.9984982	air_hook_l_just	-4004.772,44.96194,-5221.566	0,0,0	True	False
-4005.071,37.1286,-5305.94	-0.006247384,0.0510558,0.07950841,0.9955063	air_hook_l_just	-4004.772,44.96194,-5221.566	0,0,0	True	False
-4003.28,36.3554,-5305.813	-0.009094672,0.06495407,0.1123592,0.9915007	air_hook_l_just	-4004.772,44.96194,-5221.566	0,0,0	True	False
-4001.498,35.58001,-5305.66	-0.01486112,0.06919284,0.1370548,0.9880322	air_hook_l_just	-4004.772,44.96194,-5221.566	0,0,0	True	False
-3999.718,34.8073,-5305.443	-0.0202971,0.07182799,0.1588993,0.9844693	air_hook_l_just	-4004.772,44.96194,-5221.566	0,0,0	True	False
-3997.947,34.03273,-5305.201	-0.02555298,0.07270218,0.1774649,0.9811053	air_hook_l_just	-4004.772,44.96194,-5221.566	0,0,0	True	False
-3996.18,33.26201,-5304.895	-0.03053612,0.07238469,0.1939065,0.9778693	air_hook_l_just	-4004.772,44.96194,-5221.566	0,0,0	True	False
-3994.423,32.48975,-5304.563	-0.03537605,0.07066554,0.2077186,0.9749913	air_hook_l_just	-4004.772,44.96194,-5221.566	0,0,0	True	False
-3992.674,31.72253,-5304.167	-0.03999373,0.068072,0.2199807,0.9723041	air_hook_l_just	-4004.772,44.96194,-5221.566	0,0,0	True	False
-3990.936,30.95409,-5303.747	-0.04449795,0.06435145,0.2301221,0.9700117	air_hook_l_just	-4004.772,44.96194,-5221.566	0,0,0	True	False
-3989.207,30.19184,-5303.263	-0.04882209,0.05999883,0.2391574,0.9678948	air_hook_l_just	-4004.772,44.96194,-5221.566	0,0,0	True	False
-3987.49,29.4287,-5302.754	-0.05305531,0.05472806,0.2464651,0.9661496	air_hook_l_just	-4004.772,44.96194,-5221.566	0,0,0	True	False
-3985.786,28.67291,-5302.184	-0.0571431,0.04901004,0.2530072,0.964531	air_hook_l_just	-4004.772,44.96194,-5221.566	0,0,0	True	False
-3984.094,27.91654,-5301.588	-0.06115588,0.04253275,0.2581239,0.9632357	air_hook_l_just	-4004.772,44.96194,-5221.566	0,0,0	True	False
-3982.417,27.16866,-5300.932	-0.06505168,0.03574975,0.2627352,0.9620086	air_hook_l_just	-4004.772,44.96194,-5221.566	0,0,0	True	False
-3980.754,26.42054,-5300.251	-0.06888324,0.02832842,0.2661534,0.9610489	air_hook_l_just	-4004.772,44.96194,-5221.566	0,0,0	True	False
-3979.108,25.68208,-5299.51	-0.07262155,0.02070981,0.2692655,0.9601007	air_hook_l_just	-4004.772,44.96194,-5221.566	0,0,0	True	False
-3977.477,24.94368,-5298.745	-0.07630109,0.01254491,0.2713632,0.9593658	air_hook_l_just	-4004.772,44.96194,-5221.566	0,0,0	True	False
-3975.865,24.21614,-5297.92	-0.07990754,0.004266494,0.2733075,0.9585925	air_hook_l_just	-4004.772,44.96194,-5221.566	0,0,0	True	False
-3974.269,23.48898,-5297.072	-0.0834571,-0.004487654,0.2743757,0.9579837	air_hook_l_just	-4004.772,44.96194,-5221.566	0,0,0	True	False
-3972.695,22.77382,-5296.166	-0.08695105,-0.01329017,0.2754075,0.9572949	air_hook_l_just	-4004.772,44.96194,-5221.566	0,0,0	True	False
-3971.138,22.05934,-5295.236	-0.09038916,-0.02251389,0.2756711,0.956728	air_hook_l_just	-4004.772,44.96194,-5221.566	0,0,0	True	False
-3969.605,21.358,-5294.25	-0.09378721,-0.03173572,0.2759885,0.9560477	air_hook_l_just	-4004.772,44.96194,-5221.566	0,0,0	True	False
-3968.089,20.65765,-5293.24	-0.0971292,-0.0413365,0.2756217,0.9554527	air_hook_l_just	-4004.772,44.96194,-5221.566	0,0,0	True	False
-3966.6,19.97159,-5292.174	-0.1004451,-0.0508963,0.2753781,0.9547185	air_hook_l_just	-4004.772,44.96194,-5221.566	0,0,0	True	False
-3965.12,19.28682,-5291.082	-0.1037032,-0.06080272,0.2745164,0.9540385	air_hook_l_just	-4004.772,44.96194,-5221.566	0,0,0	True	False
-3963.671,18.61774,-5289.935	-0.106948,-0.07063776,0.2738311,0.9531993	air_hook_l_just	-4004.772,44.96194,-5221.566	0,0,0	True	False
-3962.231,17.95024,-5288.762	-0.1101778,-0.08078193,0.2725874,0.9523819	air_hook_l_just	-4004.772,44.96194,-5221.566	0,0,0	True	False
-3960.825,17.29998,-5287.534	-0.1134027,-0.09083796,0.2715603,0.9513902	air_hook_l_just	-4004.772,44.96194,-5221.566	0,0,0	True	False
-3959.428,16.65158,-5286.28	-0.1166062,-0.101191,0.2700127,0.9503981	air_hook_l_just	-4004.772,44.96194,-5221.566	0,0,0	True	False
-3958.069,16.02203,-5284.973	-0.1198136,-0.1114429,0.2687128,0.94922	air_hook_l_just	-4004.772,44.96194,-5221.566	0,0,0	True	False
-3956.72,15.39461,-5283.64	-0.1229933,-0.1219828,0.2669221,0.9480218	air_hook_l	-4004.772,44.96194,-5221.566	0,0,0	True	False
-3955.411,14.78766,-5282.254	-0.1261857,-0.1324106,0.2654029,0.9466287	air_hook_l	-4004.772,44.96194,-5221.566	0,0,0	True	False
-3954.113,14.18312,-5280.844	-0.129344,-0.1431191,0.2634167,0.9451977	air_hook_l	-4004.772,44.96194,-5221.566	0,0,0	True	False
-3952.859,13.60071,-5279.382	-0.1325243,-0.1537068,0.2617201,0.9435646	air_hook_l	-4004.772,44.96194,-5221.566	0,0,0	True	False
-3951.617,13.02096,-5277.896	-0.1356637,-0.1645695,0.2595754,0.9418773	air_hook_l	-4004.772,44.96194,-5221.566	0,0,0	True	False
-3950.421,12.46481,-5276.36	-0.1388344,-0.1753037,0.2577337,0.9399825	air_hook_l	-4004.772,44.96194,-5221.566	0,0,0	True	False
-3949.24,11.91156,-5274.801	-0.1419537,-0.1863095,0.2554583,0.9380187	air_hook_l	-4004.772,44.96194,-5221.566	0,0,0	True	False
-3948.107,11.38343,-5273.194	-0.145114,-0.1971796,0.2534961,0.9358429	air_hook_l	-4004.772,44.96194,-5221.566	0,0,0	True	False
-3946.998,10.85843,-5271.571	-0.1482138,-0.2083172,0.251112,0.9335842	air_hook_l	-4004.772,44.96194,-5221.566	0,0,0	True	False
-3945.939,10.35939,-5269.903	-0.1513646,-0.2193118,0.2490482,0.9311101	air_hook_l	-4004.772,44.96194,-5221.566	0,0,0	True	False
-3944.904,9.863701,-5268.221	-0.1543934,-0.2305846,0.2465739,0.9285445	air_hook_l	-4004.772,44.96194,-5221.566	0,0,0	True	False
-3944.112,9.954332,-5266.774	-0.1574873,-0.2416994,0.2444243,0.9257624	slide	-4004.772,44.96194,-5221.566	0,0,0	False	False
-3943.331,10.02003,-5265.319	-0.1294172,-0.1475716,0.2008589,0.9597549	slide	-4004.772,44.96194,-5221.566	0,0,0	False	False
-3942.571,10.08327,-5263.868	-0.1044915,-0.1965506,0.1621736,0.9613268	slide	-4004.772,44.96194,-5221.566	0,0,0	False	False
-3941.832,10.14998,-5262.423	-0.08411646,-0.237296,0.130551,0.9589429	slide	-4004.772,44.96194,-5221.566	0,0,0	False	False
-3941.114,10.22018,-5260.983	-0.06758149,-0.2714453,0.1048882,0.9543315	slide	-4004.772,44.96194,-5221.566	0,0,0	True	False
-3940.421,10.29387,-5259.533	-0.08072337,-0.2846985,0.1193899,0.9477218	air_hook_l	-4004.772,44.96194,-5221.566	0,0,0	True	False
-3939.754,10.37103,-5258.071	-0.09254642,-0.2973424,0.1320856,0.9410505	air_hook_l	-4004.772,44.96194,-5221.566	0,0,0	True	False
-3939.113,10.45168,-5256.599	-0.1032405,-0.3094939,0.1430669,0.9343911	air_hook_l	-4004.772,44.96194,-5221.566	0,0,0	True	False
-3938.498,10.5358,-5255.117	-0.1129407,-0.3212201,0.152537,0.9277902	air_hook_l	-4004.772,44.96194,-5221.566	0,0,0	True	False
-3937.908,10.62341,-5253.624	-0.1217669,-0.3325782,0.1606758,0.9212751	air_hook_l	-4004.772,44.96194,-5221.566	0,0,0	True	False
-3937.345,10.71448,-5252.122	-0.1298253,-0.3436167,0.1676419,0.9148602	air_hook_l	-4004.772,44.96194,-5221.566	0,0,0	True	False
-3936.809,10.80901,-5250.611	-0.1372093,-0.3543768,0.1735749,0.9085497	air_hook_l	-4004.772,44.96194,-5221.566	0,0,0	True	False
-3936.299,10.90701,-5249.092	-0.1439998,-0.3648932,0.1785983,0.9023412	air_hook_l	-4004.772,44.96194,-5221.566	0,0,0	True	False
-3935.815,11.00845,-5247.565	-0.1502683,-0.3751952,0.1828204,0.896228	air_hook_l	-4004.772,44.96194,-5221.566	0,0,0	True	False
-3935.359,11.11333,-5246.03	-0.1560778,-0.3853074,0.1863361,0.8902005	air_hook_l	-4004.772,44.96194,-5221.566	0,0,0	True	False
-3934.93,11.22164,-5244.488	-0.1614843,-0.3952504,0.1892279,0.884247	air_hook_l	-4004.772,44.96194,-5221.566	0,0,0	True	False
-3934.526,11.33336,-5242.948	-0.1665368,-0.4050417,0.1915684,0.8783554	air_hook_l	-4004.772,44.96194,-5221.566	0,0,0	True	False
-3934.146,11.44849,-5241.412	-0.1712773,-0.4146958,0.1934221,0.8725132	air_hook_l	-4004.772,44.96194,-5221.566	0,0,0	True	False
-3933.79,11.56701,-5239.88	-0.1757208,-0.4242095,0.1949013,0.8667076	air_hook_l	-4004.772,44.96194,-5221.566	0,0,0	False	False
-3933.45,11.68889,-5238.344	-0.1799008,-0.4335889,0.1960518,0.8609298	air_hook_l	-4004.772,44.96194,-5221.566	0,0,0	False	False
-3933.125,11.81413,-5236.804	-0.1838466,-0.4428392,0.1969135,0.8551719	air_hook_l	-4004.772,44.96194,-5221.566	0,0,0	False	False
-3932.817,11.94269,-5235.26	-0.1876597,-0.4519214,0.1975519,0.8494258	air_hook_l	0,0,0	0,0,0	False	False
-3932.524,12.07057,-5233.714	-0.1913569,-0.46085,0.1979909,0.8436821	air2_right	0,0,0	0,0,0	False	False
-3932.231,12.19044,-5232.167	-0.1735472,-0.5340803,0.1795638,0.8077106	air2_right	0,0,0	0,0,0	False	False
-3931.938,12.30231,-5230.621	-0.1565185,-0.5976055,0.1619448,0.7695086	air2_right	0,0,0	0,0,0	False	False
-3931.646,12.40618,-5229.075	-0.1404998,-0.6521837,0.1453708,0.730605	air2_right	0,0,0	0,0,0	False	False
-3931.353,12.50205,-5227.528	-0.1255844,-0.698195,0.1299382,0.6927253	air2_right	0,0,0	0,0,0	False	False
-3931.06,12.58992,-5225.982	-0.1118731,-0.7368237,0.1157515,0.6566406	air2_right	0,0,0	0,0,0	False	False
-3930.768,12.66979,-5224.436	-0.09939262,-0.7691754,0.1028384,0.622828	air2_right	0,0,0	0,0,0	False	False
-3930.475,12.74166,-5222.889	-0.08811893,-0.7962415,0.09117389,0.591542	air2_right	0,0,0	0,0,0	False	False
-3930.182,12.80554,-5221.343	-0.07799529,-0.8188865,0.08069929,0.562876	air2_right	0,0,0	0,0,0	False	False
-3929.889,12.86141,-5219.796	-0.06894582,-0.8378494,0.07133608,0.5368111	air2_right	0,0,0	0,0,0	False	False
-4000,11,-5410	0,0,0,1	air_rise	0,0,0	0,0,0	False	False
-4000,10.992,-5410	0,0,0,1	air_fall	0,0,0	0,0,0	False	False
-4000,10.976,-5410	0,0,0,1	air_fall	0,0,0	0,0,0	False	False
-4000,10.952,-5410	0,0,0,1	air_fall	0,0,0	0,0,0	False	False
-4000,10.92,-5410	0,0,0,1	air_fall	0,0,0	0,0,0	False	False
-4000,10.88,-5410	0,0,0,1	air_fall	0,0,0	0,0,0	False	False
-4000,10.832,-5410	0,0,0,1	air_fall	0,0,0	0,0,0	False	False
-4000,10.776,-5410	0,0,0,1	air_fall	0,0,0	0,0,0	False	False
-4000,10.712,-5410	0,0,0,1	air_fall	0,0,0	0,0,0	False	False
-4000,10.64,-5410	0,0,0,1	air_fall	0,0,0	0,0,0	False	False
-4000,10.56,-5410	0,0,0,1	air_fall	0,0,0	0,0,0	False	False
-4000,10.472,-5410	0,0,0,1	air_fall	0,0,0	0,0,0	False	False
-4000,10.376,-5410	0,0,0,1	air_fall	0,0,0	0,0,0	False	False
-4000,10.272,-5410	0,0,0,1	air_fall	0,0,0	0,0,0	False	False
-4000,10.16,-5410	0,0,0,1	dash_land	0,0,0	0,0,0	False	False
-4000,10.04,-5410	0,0,0,1	dash_land	0,0,0	0,0,0	False	False
-4000,9.912,-5410	0,0,0,1	dash_land	0,0,0	0,0,0	False	False
-4000,9.9664,-5410	0,0,0,1	dash_land	0,0,0	0,0,0	False	False
-4000,9.97728,-5410	0,0,0,1	dash_land	0,0,0	0,0,0	False	False
-4000,9.979456,-5410	0,0,0,1	dash_land	0,0,0	0,0,0	False	False
-4000,9.979891,-5410	0,0,0,1	dash_land	0,0,0	0,0,0	False	False
-4000,9.979979,-5410	0,0,0,1	dash_land	0,0,0	0,0,0	False	False
-4000,9.979996,-5410	0,0,0,1	dash_land	0,0,0	0,0,0	False	False
-4000,9.98,-5410	0,0,0,1	dash_land	0,0,0	0,0,0	False	False
-4000,9.98,-5410	0,0,0,1	dash_land	0,0,0	0,0,0	False	False
-4000,9.98,-5410	0,0,0,1	dash_land	0,0,0	0,0,0	False	False
-4000,9.98,-5410	0,0,0,1	dash_land	0,0,0	0,0,0	False	False
-4000,9.98,-5410	0,0,0,1	dash_land	0,0,0	0,0,0	False	False
-4000,9.98,-5410	0,0,0,1	dash_land	0,0,0	0,0,0	False	False
-4000,9.98,-5410	0,0,0,1	dash_land	0,0,0	0,0,0	False	False
-4000,9.98,-5410	0,0,0,1	dash_land	0,0,0	0,0,0	False	False
-4000,9.98,-5410	0,0,0,1	dash_land	0,0,0	0,0,0	False	False
-4000,9.98,-5410	0,0,0,1	dash_land	0,0,0	0,0,0	False	False
-4000,9.98,-5410	0,0,0,1	dash_land	0,0,0	0,0,0	False	False
-4000,9.98,-5410	0,0,0,1	dash_land	0,0,0	0,0,0	False	False
-4000,9.98,-5410	0,0,0,1	dash_land	0,0,0	0,0,0	False	False
-4000,9.98,-5410	0,0,0,1	dash_land	0,0,0	0,0,0	False	False
-4000,9.98,-5410	0,0,0,1	dash_land	0,0,0	0,0,0	False	False
-4000,9.98,-5410	0,0,0,1	dash_land	0,0,0	0,0,0	False	False
