1669.837,4.59,3000.857	0,-0.8093855,0,-0.5872777	run	0,0,0	0,0,0	False	False
1670.022,4.590001,3000.856	0,-0.7908641,0,-0.6119919	run	0,0,0	0,0,0	False	False
1670.207,4.590001,3000.854	0,-0.7754847,0,-0.6313664	run	0,0,0	0,0,0	False	False
1670.392,4.590001,3000.853	0,-0.7628294,0,-0.6465998	run	0,0,0	0,0,0	False	False
1670.578,4.590002,3000.852	0,-0.7524846,0,-0.6586099	run	0,0,0	0,0,0	False	False
1670.763,4.589999,3000.851	0,-0.7440698,0,-0.6681018	run	0,0,0	0,0,0	False	False
1670.948,4.589999,3000.85	0,-0.7372504,0,-0.6756196	run	0,0,0	0,0,0	False	False
1671.133,4.59,3000.848	0,-0.7317395,0,-0.6815845	run	0,0,0	0,0,0	False	False
1671.318,4.59,3000.847	0,-0.7272956,0,-0.6863244	run	0,0,0	0,0,0	False	False
1671.504,4.590001,3000.846	0,-0.7237182,0,-0.6900957	run	0,0,0	0,0,0	False	False
1671.689,4.590001,3000.845	0,-0.7208421,0,-0.6930994	run	0,0,0	0,0,0	False	False
1671.874,4.590002,3000.844	0,-0.7185321,0,-0.6954938	jump	0,0,0	0,0,0	False	False
1672.059,4.589999,3000.842	0,-0.7166784,0,-0.6974037	jump	0,0,0	0,0,0	False	False
1672.244,4.589999,3000.841	0,-0.7151918,0,-0.6989282	jump	0,0,0	0,0,0	False	False
1672.429,4.59,3000.84	0,-0.7140002,0,-0.7001455	jump	0,0,0	0,0,0	False	False
1672.615,4.59,3000.839	0,-0.7130454,0,-0.7011179	jump	0,0,0	0,0,0	False	False
1672.805,4.742,3000.837	0,-0.7122806,0,-0.7018949	jump	0,0,0	0,0,0	False	False
1672.995,5.046,3000.836	0,-0.7116682,0,-0.7025158	air_rise	0,0,0	0,0,0	False	False
1673.184,5.342,3000.835	0,-0.711374,0,-0.7028137	air_rise	0,0,0	0,0,0	False	False
1673.374,5.63,3000.834	0,-0.711115,0,-0.7030757	air_rise	0,0,0	0,0,0	False	False
1673.564,5.91,3000.833	0,-0.710887,0,-0.7033062	air_rise	0,0,0	0,0,0	False	False
1673.754,6.182,3000.831	0,-0.7106864,0,-0.703509	air_rise	0,0,0	0,0,0	False	False
1673.944,6.446,3000.83	0,-0.7105097,0,-0.7036874	air_rise	0,0,0	0,0,0	False	False
1674.134,6.702,3000.829	0,-0.7103543,0,-0.7038444	air_rise	0,0,0	0,0,0	False	False
1674.324,6.95,3000.828	0,-0.7102174,0,-0.7039825	air_rise	0,0,0	0,0,0	False	False
1674.514,7.19,3000.826	0,-0.710097,0,-0.7041039	air_rise	0,0,0	0,0,0	False	False
1674.704,7.422,3000.825	0,-0.7099909,0,-0.7042109	air_rise	0,0,0	0,0,0	False	False
1674.894,7.645999,3000.824	0,-0.7098976,0,-0.7043049	air_rise	0,0,0	0,0,0	False	False
1675.084,7.862,3000.823	0,-0.7098155,0,-0.7043877	air_rise	0,0,0	0,0,0	True	False
1675.282,8.070001,3000.83	0,-0.7097433,0,-0.7044605	air_rise	0,0,0	0,0,0	True	False
1675.489,8.27,3000.846	0,-0.6763057,0,-0.7366211	air_rise	0,0,0	0,0,0	True	False
1675.705,8.462001,3000.87	0,-0.6454783,0,-0.7637786	air_rise	0,0,0	0,0,0	True	False
1675.929,8.646001,3000.903	0,-0.6173085,0,-0.7867212	air_rise	0,0,0	0,0,0	True	False
1676.162,8.822001,3000.944	0,-0.5917461,0,-0.8061244	air_rise	0,0,0	0,0,0	True	False
1676.403,8.990002,3000.993	0,-0.5686779,0,-0.8225604	air_rise	0,0,0	0,0,0	True	False
1676.653,9.150002,3001.051	0,-0.5479522,0,-0.8365096	air_rise	0,0,0	0,0,0	True	False
1676.911,9.302002,3001.117	0,-0.5293974,0,-0.848374	air_rise	0,0,0	0,0,0	True	False
1677.178,9.446002,3001.192	0,-0.5128337,0,-0.8584881	air_rise	0,0,0	0,0,0	True	False
1677.453,9.582002,3001.275	0,-0.4980817,0,-0.8671301	air_rise	0,0,0	0,0,0	True	False
1677.737,9.710002,3001.367	0,-0.4849687,0,-0.8745315	air_rise	0,0,0	0,0,0	True	False
1678.03,9.830002,3001.467	0,-0.4733307,0,-0.8808848	air_rise	0,0,0	0,0,0	True	False
1678.331,9.942002,3001.575	0,-0.4630153,0,-0.8863503	air_rise	0,0,0	0,0,0	True	False
1678.644,10.046,3001.684	0,-0.4538819,0,-0.8910618	air_rise	0,0,0	0,0,0	True	False
1678.969,10.142,3001.792	0,-0.4870956,0,-0.8733487	air_rise	0,0,0	0,0,0	True	False
1679.305,10.23,3001.901	0,-0.5158698,0,-0.856667	air_rise	0,0,0	0,0,0	True	False
1679.642,10.31,3002.009	0,-0.540798,0,-0.8411525	air_rise	0,0,0	0,0,0	True	False
1679.979,10.382,3002.117	0,-0.5624023,0,-0.8268638	air_rise	0,0,0	0,0,0	True	False
1680.316,10.446,3002.226	0,-0.5811377,0,-0.8138052	air_rise	0,0,0	0,0,0	True	False
1680.653,10.502,3002.334	0,-0.5973983,0,-0.8019447	air_rise	0,0,0	0,0,0	True	False
1680.99,10.55,3002.443	0,-0.6115237,0,-0.7912261	air_rise	0,0,0	0,0,0	True	False
1681.339,10.59,3002.551	0,-0.6238059,0,-0.7815793	air_rise	0,0,0	0,0,0	True	False
1681.7,10.622,3002.659	0,-0.6344957,0,-0.7729264	air_rise	0,0,0	0,0,0	True	False
1682.073,10.646,3002.767	0,-0.6438085,0,-0.7651866	air_rise	0,0,0	0,0,0	True	False
1682.458,10.662,3002.875	0,-0.6519291,0,-0.75828	air_rise	0,0,0	0,0,0	True	False
1682.843,10.67,3002.983	0,-0.6590162,0,-0.7521288	air_rise	0,0,0	0,0,0	True	False
1683.228,10.67,3003.091	0,-0.6652064,0,-0.7466596	air_rise	0,0,0	0,0,0	True	False
1683.613,10.662,3003.199	0,-0.6706172,0,-0.7418036	air_fall	0,0,0	0,0,0	True	False
1683.998,10.646,3003.307	0,-0.709213,0,-0.7049943	dash	0,0,0	0,0,0	False	True
1685.183,10.622,3003.41	0,-0.709213,0,-0.7049943	dash	0,0,0	0,0,0	False	False
1686.326,10.59084,3003.51	0,-0.709213,0,-0.7049943	dash	0,0,0	0,0,0	False	False
1687.43,10.55277,3003.606	0,-0.709213,0,-0.7049943	dash	0,0,0	0,0,0	False	False
1688.508,10.50758,3003.7	0,-0.709213,0,-0.7049943	dash	0,0,0	0,0,0	False	False
1689.548,10.45597,3003.79	0,-0.709213,0,-0.7049943	dash	0,0,0	0,0,0	False	False
1690.552,10.39816,3003.878	0,-0.709213,0,-0.7049943	dash	0,0,0	0,0,0	False	False
1691.521,10.33437,3003.962	0,-0.709213,0,-0.7049943	dash	0,0,0	0,0,0	False	False
1692.455,10.2649,3004.043	0,-0.709213,0,-0.7049943	dash	0,0,0	0,0,0	False	False
1693.357,10.18982,3004.122	0,-0.709213,0,-0.7049943	dash	0,0,0	0,0,0	False	False
1694.227,10.10931,3004.198	0,-0.709213,0,-0.7049943	dash	0,0,0	0,0,0	False	False
1695.068,10.02363,3004.271	0,-0.709213,0,-0.7049943	dash	0,0,0	0,0,0	False	False
1695.879,9.932897,3004.342	0,-0.709213,0,-0.7049943	dash	0,0,0	0,0,0	False	False
1696.662,9.837329,3004.41	0,-0.709213,0,-0.7049943	dash	0,0,0	0,0,0	False	False
1697.416,9.737262,3004.476	0,-0.709213,0,-0.7049943	dash	0,0,0	0,0,0	False	False
1698.144,9.632626,3004.539	0,-0.709213,0,-0.7049943	dash	0,0,0	0,0,0	False	False
1698.848,9.523555,3004.601	0,-0.709213,0,-0.7049943	dash	0,0,0	0,0,0	False	False
1699.535,9.409014,3004.66	0,-0.709213,0,-0.7049943	dash	0,0,0	0,0,0	False	False
1700.199,9.290446,3004.718	0,-0.709213,0,-0.7049943	dash	0,0,0	0,0,0	False	False
1700.838,9.168272,3004.774	0,-0.709213,0,-0.7049943	dash	0,0,0	0,0,0	False	False
1701.455,9.0421,3004.828	0,-0.709213,0,-0.7049943	dash	0,0,0	0,0,0	False	False
1702.052,8.912333,3004.88	0,-0.709213,0,-0.7049943	dash	0,0,0	0,0,0	False	False
1702.627,8.779095,3004.93	0,-0.709213,0,-0.7049943	dash	0,0,0	0,0,0	False	False
1703.183,8.642508,3004.978	0,-0.709213,0,-0.7049943	dash	0,0,0	0,0,0	False	False
1703.718,8.50285,3005.025	0,-0.709213,0,-0.7049943	dash	0,0,0	0,0,0	False	False
1704.235,8.359901,3005.07	0,-0.709213,0,-0.7049943	dash	0,0,0	0,0,0	False	False
1704.735,8.21397,3005.114	0,-0.709213,0,-0.7049943	stand_levi	0,0,0	0,0,0	False	False
1705.228,8.061709,3005.156	0,-0.709213,0,-0.7049943	dash	0,0,0	0,0,0	False	True
1706.521,7.901449,3005.195	0,-0.709213,0,-0.7049943	dash	0,0,0	0,0,0	False	False
1707.815,7.733189,3005.233	0,-0.709213,0,-0.7049943	dash	0,0,0	0,0,0	False	False
1709.077,7.560953,3005.271	0,-0.709213,0,-0.7049943	dash	0,0,0	0,0,0	False	False
1710.296,7.38665,3005.307	0,-0.709213,0,-0.7049943	dash	0,0,0	0,0,0	False	False
1711.473,7.210369,3005.341	0,-0.709213,0,-0.7049943	dash	0,0,0	0,0,0	False	False
1712.609,7.032319,3005.375	0,-0.709213,0,-0.7049943	dash	0,0,0	0,0,0	False	False
1713.705,6.852406,3005.407	0,-0.709213,0,-0.7049943	dash	0,0,0	0,0,0	False	False
1714.762,6.670897,3005.438	0,-0.709213,0,-0.7049943	dash	0,0,0	0,0,0	False	False
1715.783,6.487599,3005.469	0,-0.709213,0,-0.7049943	dash	0,0,0	0,0,0	False	False
1716.768,6.3027,3005.498	0,-0.709213,0,-0.7049943	dash	0,0,0	0,0,0	False	False
1717.718,6.116475,3005.526	0,-0.709213,0,-0.7049943	dash	0,0,0	0,0,0	False	False
1718.635,5.928737,3005.553	0,-0.709213,0,-0.7049943	dash	0,0,0	0,0,0	False	False
1719.519,5.739642,3005.579	0,-0.709213,0,-0.7049943	dash	0,0,0	0,0,0	False	False
1720.373,5.548999,3005.604	0,-0.709213,0,-0.7049943	dash	0,0,0	0,0,0	False	False
1721.198,5.356856,3005.629	0,-0.709213,0,-0.7049943	dash	0,0,0	0,0,0	False	False
1722.003,5.161282,3005.652	0,-0.709213,0,-0.7049943	dash	0,0,0	0,0,0	False	False
1722.78,4.964587,3005.675	0,-0.709213,0,-0.7049943	dash	0,0,0	0,0,0	False	False
1723.53,4.766715,3005.698	0,-0.709213,0,-0.7049943	dash_land	0,0,0	0,0,0	False	False
1724.225,4.56764,3005.718	0,-0.709213,0,-0.7049943	dash_land	0,0,0	0,0,0	False	False
