15.90472,9.036,9.059192	0,-0.4387709,0,0.898599	air_rise	0,0,0	0,0,0	True	False
15.6797,9.212,9.263602	0,-0.4347171,0,0.9005671	air_rise	0,0,0	0,0,0	True	False
15.44669,9.38,9.475275	0,-0.4311423,0,0.902284	air_rise	0,0,0	0,0,0	True	False
15.20569,9.54,9.69421	0,-0.4279907,0,0.9037832	air_rise	0,0,0	0,0,0	True	False
14.95669,9.692,9.920406	0,-0.4252128,0,0.9050934	air_rise	0,0,0	0,0,0	True	False
14.6997,9.836,10.15386	0,-0.422765,0,0.9062394	air_rise	0,0,0	0,0,0	True	False
14.43471,9.972,10.39459	0,-0.4206083,0,0.9072424	air2	0,0,0	0,0,0	True	False
14.16173,10.1,10.64257	0,-0.4187083,0,0.9081208	air2	0,0,0	0,0,0	True	False
13.88076,10.22,10.89781	0,-0.4170349,0,0.9088905	air2	0,0,0	0,0,0	True	False
13.59179,10.332,11.16032	0,-0.4155611,0,0.9095653	air2	0,0,0	0,0,0	True	False
13.29483,10.436,11.43009	0,-0.4142632,0,0.9101571	air2	0,0,0	0,0,0	True	False
12.98987,10.532,11.70712	0,-0.4131203,0,0.9106765	air2	0,0,0	0,0,0	True	False
12.67692,10.62,11.99141	0,-0.4121141,0,0.9111323	air2	0,0,0	0,0,0	True	False
12.35598,10.7,12.28296	0,-0.4112282,0,0.9115325	air2	0,0,0	0,0,0	True	False
12.02704,10.772,12.58178	0,-0.4104483,0,0.9118839	air2	0,0,0	0,0,0	True	False
11.69011,10.836,12.88786	0,-0.4097617,0,0.9121926	air2	0,0,0	0,0,0	True	False
11.34518,10.892,13.2012	0,-0.4091573,0,0.9124639	air2	0,0,0	0,0,0	True	False
10.99226,10.94,13.5218	0,-0.4086252,0,0.9127023	air2	0,0,0	0,0,0	True	False
10.63135,10.98,13.84967	0,-0.408157,0,0.9129118	air2	0,0,0	0,0,0	True	False
10.26244,11.012,14.18479	0,-0.4077448,0,0.913096	air2	0,0,0	0,0,0	True	False
9.885541,11.036,14.52718	0,-0.407382,0,0.9132579	air2	0,0,0	0,0,0	True	False
9.500645,11.052,14.87683	0,-0.4070627,0,0.9134002	air2	0,0,0	0,0,0	True	False
9.107755,11.06,15.23374	0,-0.4067817,0,0.9135254	air2	0,0,0	0,0,0	True	False
8.706871,11.06,15.59792	0,-0.4065343,0,0.9136356	air2	0,0,0	0,0,0	True	False
8.297993,11.052,15.96935	0,-0.4063166,0,0.9137323	air2	0,0,0	0,0,0	True	False
7.881121,11.036,16.34805	0,-0.406125,0,0.9138175	air2	0,0,0	0,0,0	True	False
7.456255,11.012,16.73401	0,-0.4059564,0,0.9138924	air2	0,0,0	0,0,0	True	False
7.023395,10.98,17.12723	0,-0.4058081,0,0.9139583	air2	0,0,0	0,0,0	True	False
6.582541,10.94,17.52772	0,-0.4056775,0,0.9140163	air2	0,0,0	0,0,0	True	False
6.133693,10.892,17.93546	0,-0.4055625,0,0.9140673	air2	0,0,0	0,0,0	True	False
5.676851,10.836,18.35047	0,-0.4054614,0,0.9141122	air2	0,0,0	0,0,0	True	False
5.212015,10.772,18.77274	0,-0.4053724,0,0.9141517	air2	0,0,0	0,0,0	True	False
4.739185,10.7,19.20227	0,-0.4052941,0,0.9141864	air2	0,0,0	0,0,0	True	False
4.258361,10.62,19.63906	0,-0.4052252,0,0.9142169	air2	0,0,0	0,0,0	True	False
3.769543,10.532,20.08312	0,-0.4051645,0,0.9142438	air2	0,0,0	0,0,0	True	False
3.272732,10.436,20.53444	0,-0.4051111,0,0.9142675	air2	0,0,0	0,0,0	True	False
2.767926,10.332,20.99302	0,-0.4050641,0,0.9142883	air2	0,0,0	0,0,0	True	False
2.255126,10.22,21.45886	0,-0.4050228,0,0.9143066	air2	0,0,0	0,0,0	True	False
1.734332,10.1,21.93196	0,-0.4049864,0,0.9143227	air2	0,0,0	0,0,0	True	False
1.205544,9.972003,22.41233	0,-0.4049544,0,0.9143369	air2	0,0,0	0,0,0	True	False
0.6687621,9.836003,22.89995	0,-0.4049262,0,0.9143494	air2	0,0,0	0,0,0	True	False
0.1239862,9.692003,23.39484	0,-0.4049014,0,0.9143603	air2	0,0,0	0,0,0	True	False
-0.4287837,9.540004,23.897	0,-0.4048796,0,0.91437	air2	0,0,0	0,0,0	True	False
-0.9895476,9.380004,24.40641	0,-0.4048604,0,0.9143785	air2	0,0,0	0,0,0	True	False
-1.558306,9.212004,24.92308	0,-0.4048435,0,0.914386	air2	0,0,0	0,0,0	True	False
-2.135057,9.036004,25.44702	0,-0.4048286,0,0.9143926	air2	0,0,0	0,0,0	True	False
-2.719803,8.852004,25.97822	0,-0.4048156,0,0.9143984	air2	0,0,0	0,0,0	True	False
-3.312543,8.660004,26.51668	0,-0.404804,0,0.9144035	air2	0,0,0	0,0,0	True	False
-3.913277,8.460004,27.0624	0,-0.4047939,0,0.914408	air2	0,0,0	0,0,0	True	False
-4.522005,8.252004,27.61539	0,-0.404785,0,0.9144119	air2	0,0,0	0,0,0	True	False
-5.138727,8.036004,28.17564	0,-0.4047771,0,0.9144154	air2	0,0,0	0,0,0	True	False
-5.763443,7.812004,28.74314	0,-0.4047703,0,0.9144185	air2	0,0,0	0,0,0	True	False
-6.396153,7.580004,29.31792	0,-0.4047642,0,0.9144211	air2	0,0,0	0,0,0	True	False
-7.036857,7.340004,29.89995	0,-0.4047588,0,0.9144235	air2	0,0,0	0,0,0	True	False
-7.685555,7.092004,30.48924	0,-0.4047541,0,0.9144256	air2	0,0,0	0,0,0	True	False
-8.342247,6.836004,31.0858	0,-0.40475,0,0.9144275	air2	0,0,0	0,0,0	True	False
-9.009727,6.572004,31.68184	0,-0.4047463,0,0.9144291	air2	0,0,0	0,0,0	True	False
