-9.97371,-0.01995128,-536.8468	0,0.6713877,0,0.7411063	run	0,0,0	0,0,0	False	False
-9.832173,-0.01994962,-536.9662	0,0.727729,0,0.6858649	run	0,0,0	0,0,0	False	False
-9.690637,-0.01994801,-537.0857	0,0.7698742,0,0.6381957	run	0,0,0	0,0,0	False	False
-9.549098,-0.0199495,-537.2051	0,0.8015082,0,0.5979838	run	0,0,0	0,0,0	False	False
-9.407561,-0.01994729,-537.3246	0,0.8253837,0,0.5645723	run	0,0,0	0,0,0	False	False
-9.266023,-0.01994824,-537.444	0,0.8435203,0,0.5370973	run	0,0,0	0,0,0	False	False
-9.124484,-0.01994973,-537.5635	0,0.8573903,0,0.5146667	run	0,0,0	0,0,0	False	False
-8.982947,-0.01994759,-537.6829	0,0.8680664,0,0.4964481	run	0,0,0	0,0,0	False	False
-8.841409,-0.01994848,-537.8024	0,0.8763332,0,0.4817054	run	0,0,0	0,0,0	False	False
-8.69987,-0.01994997,-537.9218	0,0.8827688,0,0.4698077	run	0,0,0	0,0,0	False	False
-8.558333,-0.01994789,-538.0413	0,0.8878021,0,0.4602255	run	0,0,0	0,0,0	False	False
-8.416795,-0.01994884,-538.1607	0,0.8917544,0,0.4525197	run	0,0,0	0,0,0	False	False
-8.275256,-0.01995039,-538.2802	0,0.8948684,0,0.44633	run	0,0,0	0,0,0	False	False
-8.133719,-0.01994824,-538.3996	0,0.8973289,0,0.4413626	run	0,0,0	0,0,0	False	False
-7.992181,-0.01994914,-538.519	0,0.8992774,0,0.4373787	jump	0,0,0	0,0,0	False	False
-7.873661,-0.01994693,-538.4411	0,0.8260254,0,0.5636329	jump	0,0,0	0,0,0	False	False
-7.754223,-0.01994765,-538.2996	0,0.7523469,0,0.6587671	jump	0,0,0	0,0,0	False	False
-7.634786,-0.01994812,-538.158	0,0.6841391,0,0.7293515	jump	0,0,0	0,0,0	False	False
-7.515348,-0.01994884,-538.0165	0,0.6240259,0,0.7814037	jump	0,0,0	0,0,0	False	False
-7.395911,-0.01994944,-537.8749	0,0.5726566,0,0.8197954	jump	0,0,0	0,0,0	False	False
-7.273377,0.1320469,-537.7297	0,0.5296309,0,0.8482282	jump	0,0,0	0,0,0	False	False
-7.150844,0.4360432,-537.5845	0,0.4940722,0,0.8694209	air_rise	0,0,0	0,0,0	False	False
-7.02831,0.7320395,-537.4393	0,0.4766778,0,0.8790781	air_rise	0,0,0	0,0,0	False	False
-6.905776,1.020036,-537.2941	0,0.461197,0,0.8872977	air_rise	0,0,0	0,0,0	False	False
-6.783242,1.300032,-537.1489	0,0.4474447,0,0.8943116	air_rise	0,0,0	0,0,0	False	False
-6.660708,1.572028,-537.0037	0,0.4352462,0,0.9003115	air_rise	0,0,0	0,0,0	False	False
-6.538175,1.836025,-536.8585	0,0.4244392,0,0.9054564	air_rise	0,0,0	0,0,0	False	False
-6.415641,2.092021,-536.7133	0,0.4148749,0,0.9098785	air_rise	0,0,0	0,0,0	False	False
-6.293107,2.340017,-536.5681	0,0.4064174,0,0.9136875	air_rise	0,0,0	0,0,0	False	False
-6.170573,2.580014,-536.4229	0,0.3989442,0,0.9169753	air_rise	0,0,0	0,0,0	False	False
-6.048039,2.81201,-536.2777	0,0.3923444,0,0.9198184	air_rise	0,0,0	0,0,0	False	False
-5.925506,3.036006,-536.1325	0,0.386519,0,0.9222814	air_rise	0,0,0	0,0,0	True	False
-5.795233,3.252002,-535.9781	0,0.3813793,0,0.9244186	air_rise	0,0,0	0,0,0	True	False
-5.657221,3.459999,-535.8146	0,0.3768462,0,0.9262758	air_rise	0,0,0	0,0,0	True	False
-5.51147,3.659995,-535.6418	0,0.3728493,0,0.927892	air_rise	0,0,0	0,0,0	True	False
-5.35798,3.851992,-535.46	0,0.3693261,0,0.9292999	air_rise	0,0,0	0,0,0	True	False
-5.20449,4.035988,-535.2781	0,0.3662212,0,0.9305279	air_rise	0,0,0	0,0,0	True	False
-5.051,4.211984,-535.0962	0,0.3634854,0,0.9316	air_rise	0,0,0	0,0,0	True	False
-4.89751,4.379981,-534.9143	0,0.3610752,0,0.9325367	air_rise	0,0,0	0,0,0	True	False
-4.74402,4.539977,-534.7324	0,0.3589522,0,0.933356	air_rise	0,0,0	0,0,0	True	False
-4.590529,4.691974,-534.5505	0,0.3570824,0,0.9340729	air_rise	0,0,0	0,0,0	True	False
-4.437039,4.83597,-534.3687	0,0.3554358,0,0.9347007	air_rise	0,0,0	0,0,0	True	False
-4.283549,4.971966,-534.1868	0,0.3539859,0,0.9352508	air_rise	0,0,0	0,0,0	True	False
-4.118102,5.099963,-534.0038	0,0.3527092,0,0.935733	air_rise	0,0,0	0,0,0	True	False
-3.940698,5.219959,-533.8199	0,0.3946038,0,0.9188514	air_rise	0,0,0	0,0,0	True	False
-3.751336,5.331956,-533.635	0,0.4310209,0,0.902342	air_rise	0,0,0	0,0,0	True	False
-3.550017,5.435952,-533.4491	0,0.4626437,0,0.8865443	air_rise	0,0,0	0,0,0	True	False
-3.336741,5.531949,-533.2621	0,0.4900921,0,0.8716707	air_rise	0,0,0	0,0,0	True	False
-3.123466,5.619945,-533.0752	0,0.5139179,0,0.8578394	air_rise	0,0,0	0,0,0	True	False
-2.91019,5.699942,-532.8882	0,0.5346067,0,0.845101	air_rise	0,0,0	0,0,0	True	False
-2.696914,5.771938,-532.7013	0,0.552582,0,0.8334585	air_rise	0,0,0	0,0,0	True	False
-2.483638,5.835935,-532.5143	0,-0.676615,0,-0.7363369	dash	0,0,0	0,0,0	False	True
-1.473215,5.891931,-532.2599	0,-0.676615,0,-0.7363369	dash	0,0,0	0,0,0	False	False
-0.4627926,5.939928,-532.0054	0,-0.676615,0,-0.7363369	dash	0,0,0	0,0,0	False	False
0.5123593,5.978249,-531.7598	0,-0.676615,0,-0.7363369	dash	0,0,0	0,0,0	False	False
1.452913,6.00721,-531.5229	0,-0.676615,0,-0.7363369	dash	0,0,0	0,0,0	False	False
2.360624,6.02716,-531.2944	0,-0.676615,0,-0.7363369	dash	0,0,0	0,0,0	False	False
