11.77138,27.22519,-495.4737	-0.0003181523,-0.07987954,0.000368083,0.9968045	air_rise	0,0,0	0,0,0	True	False
11.78238,27.20482,-494.1249	-0.000280004,-0.07448994,0.0003239477,0.9972216	air2	0,0,0	0,0,0	True	False
11.79262,27.17645,-492.7654	-0.000246424,-0.0697449,0.0002850977,0.9975649	air2	0,0,0	0,0,0	True	False
11.80212,27.14008,-491.3951	-0.0002168671,-0.06556769,0.0002509021,0.9978481	air2	0,0,0	0,0,0	True	False
11.81085,27.09571,-490.014	-0.0001908525,-0.06189061,0.0002208048,0.9980829	air2	0,0,0	0,0,0	True	False
11.81884,27.04334,-488.6222	-0.0001679567,-0.05865397,0.0001943157,0.9982784	air2	0,0,0	0,0,0	True	False
11.82607,26.98297,-487.2195	-0.0001478063,-0.05580511,0.0001710029,0.9984416	air2	0,0,0	0,0,0	True	False
11.82515,26.9146,-485.8098	-0.0001300726,-0.0532977,0.0001504861,0.9985787	air2	0,0,0	0,0,0	True	False
11.81608,26.83823,-484.393	-0.00011531,-0.09737974,0.0001334066,0.9952473	air2	0,0,0	0,0,0	True	False
11.79885,26.75386,-482.9691	-0.0001020562,-0.1362362,0.0001180728,0.9906764	air2	0,0,0	0,0,0	True	False
11.77348,26.6615,-481.5382	-9.021071E-05,-0.1704091,0.0001043683,0.9853734	air2	0,0,0	0,0,0	True	False
11.73996,26.56113,-480.1001	-7.966081E-05,-0.2004161,9.216272E-05,0.9797109	air2	0,0,0	0,0,0	True	False
11.69828,26.45276,-478.655	-7.029023E-05,-0.2267381,8.132152E-05,0.9739558	air2	0,0,0	0,0,0	True	False
11.64846,26.33639,-477.2028	-6.198456E-05,-0.2498133,7.171237E-05,0.968294	air2	0,0,0	0,0,0	True	False
11.59048,26.21202,-475.7434	-5.463472E-05,-0.2700354,6.320905E-05,0.9628504	air2	0,0,0	0,0,0	True	False
11.53175,26.07965,-474.2733	-4.813889E-05,-0.2877551,5.569377E-05,0.9577041	air2	0,0,0	0,0,0	True	False
11.47227,25.93928,-472.7925	-4.250989E-05,-0.2583097,4.918136E-05,0.9660622	air2	0,0,0	0,0,0	True	False
11.41203,25.79091,-471.3008	-3.750989E-05,-0.2321267,4.339666E-05,0.9726856	air2	0,0,0	0,0,0	True	False
11.35104,25.63454,-469.7984	-3.307796E-05,-0.2088968,3.826919E-05,0.9779377	air2	0,0,0	0,0,0	True	False
11.2893,25.47017,-468.2852	-2.915596E-05,-0.1883231,3.373167E-05,0.9821072	air2	0,0,0	0,0,0	True	False
11.2268,25.2978,-466.7613	-2.568959E-05,-0.1701265,2.97213E-05,0.9854223	air2	0,0,0	0,0,0	True	False
11.16355,25.11744,-465.2266	-2.262894E-05,-0.1540497,2.618031E-05,0.9880631	air2	0,0,0	0,0,0	True	False
11.09955,24.92907,-463.6811	-1.992854E-05,-0.1398575,2.305612E-05,0.9901717	air2	0,0,0	0,0,0	True	False
11.03479,24.7327,-462.1248	-1.754741E-05,-0.1273372,2.030129E-05,0.9918595	air2	0,0,0	0,0,0	True	False
10.96928,24.52833,-460.5577	-1.544874E-05,-0.1162976,1.787325E-05,0.9932144	air2	0,0,0	0,0,0	True	False
10.90302,24.31596,-458.9799	-1.359967E-05,-0.1065673,1.5734E-05,0.9943055	air2	0,0,0	0,0,0	True	False
10.836,24.09559,-457.3913	-1.197098E-05,-0.09799391,1.384969E-05,0.995187	air2	0,0,0	0,0,0	True	False
10.76823,23.86722,-455.792	-1.053668E-05,-0.0904417,1.219031E-05,0.9959018	air2	0,0,0	0,0,0	True	False
10.69994,23.63085,-454.1818	-9.2738E-06,-0.08379037,1.072922E-05,0.9964834	air2	0,0,0	0,0,0	True	False
10.63236,23.38648,-452.5609	-8.162489E-06,-0.07662959,9.443505E-06,0.9970596	air2	0,0,0	0,0,0	True	False
10.56642,23.13411,-450.9293	-7.187532E-06,-0.06354795,8.315539E-06,0.9979788	air2	0,0,0	0,0,0	True	False
10.5024,22.87374,-449.287	-6.331568E-06,-0.04681653,7.325241E-06,0.9989035	air2	0,0,0	0,0,0	True	False
10.4404,22.60537,-447.6342	-5.577243E-06,-0.03050902,6.452533E-06,0.9995345	air2	0,0,0	0,0,0	True	False
10.38041,22.329,-445.9707	-4.91198E-06,-0.01561986,5.682864E-06,0.999878	air2	0,0,0	0,0,0	True	False
10.32244,22.04464,-444.2967	-4.325275E-06,-0.002506241,5.004082E-06,0.9999969	air2	0,0,0	0,0,0	True	False
10.26648,21.75227,-442.612	-3.808106E-06,0.00903975,4.405749E-06,0.9999592	air2	0,0,0	0,0,0	True	False
10.21253,21.4519,-440.9167	-3.352405E-06,0.01920308,3.87853E-06,0.9998156	air2	0,0,0	0,0,0	True	False
10.1606,21.14353,-439.2108	-2.950983E-06,0.0281478,3.414109E-06,0.9996037	air2	0,0,0	0,0,0	True	False
10.11068,20.82716,-437.4943	-2.597457E-06,0.03601908,3.0051E-06,0.9993511	air2	0,0,0	0,0,0	True	False
10.06278,20.50279,-435.7672	-2.286165E-06,0.04294517,2.644954E-06,0.9990774	air2	0,0,0	0,0,0	True	False
10.01694,20.17042,-434.0294	-2.0121E-06,0.04903927,2.327878E-06,0.9987969	air2	0,0,0	0,0,0	True	False
9.973207,19.83005,-432.2811	-1.770854E-06,0.05466234,2.04877E-06,0.9985049	air2	0,0,0	0,0,0	True	False
9.931672,19.48168,-430.5222	-1.558507E-06,0.05987085,1.803098E-06,0.9982061	air2	0,0,0	0,0,0	True	False
9.892521,19.12531,-428.7528	-1.371618E-06,0.06497555,1.586878E-06,0.9978869	air2	0,0,0	0,0,0	True	False
9.856119,18.76094,-426.973	-1.20716E-06,0.07051063,1.396611E-06,0.997511	air2	0,0,0	0,0,0	True	False
9.82274,18.38857,-425.1827	-1.06249E-06,0.07746667,1.229237E-06,0.9969949	air2	0,0,0	0,0,0	True	False
9.792698,18.00821,-423.3822	-9.351954E-07,0.08514918,1.081964E-06,0.9963682	air2	0,0,0	0,0,0	True	False
9.766172,17.61984,-421.5715	-8.231962E-07,0.09372889,9.523879E-07,0.9955978	air2	0,0,0	0,0,0	True	False
9.743162,17.22347,-419.7506	-7.246106E-07,0.102315,8.383304E-07,0.994752	air2	0,0,0	0,0,0	True	False
9.723668,16.8191,-417.9194	-6.377923E-07,0.1098662,7.378869E-07,0.9939464	air2	0,0,0	0,0,0	True	False
9.70769,16.40673,-416.0781	-5.613492E-07,0.116507,6.494469E-07,0.9931899	air2	0,0,0	0,0,0	True	False
9.695229,15.98636,-414.2265	-4.9405E-07,0.1223473,5.715858E-07,0.9924874	air2	0,0,0	0,0,0	True	False
9.686283,15.55799,-412.3647	-4.348067E-07,0.1274839,5.03045E-07,0.9918407	air2	0,0,0	0,0,0	True	False
9.680854,15.12162,-410.4928	-3.826591E-07,0.1320015,4.427133E-07,0.9912496	air2	0,0,0	0,0,0	True	False
9.678896,14.67725,-408.6106	-3.367599E-07,0.135975,3.896107E-07,0.9907123	air2	0,0,0	0,0,0	True	False
9.680276,14.22488,-406.7181	-2.963603E-07,0.1392109,3.428708E-07,0.9902628	air2	0,0,0	0,0,0	True	False
9.684451,13.76451,-404.8152	-2.608012E-07,0.1412799,3.017312E-07,0.9899697	air2	0,0,0	0,0,0	True	False
9.690825,13.29615,-402.9017	-2.295065E-07,0.1399903,2.655251E-07,0.9901529	air2	0,0,0	0,0,0	True	False
9.699168,12.81978,-400.9776	-2.019811E-07,0.1354847,2.336798E-07,0.9907795	air2	0,0,0	0,0,0	True	False
9.709386,12.33541,-399.0428	-1.777617E-07,0.1302202,2.056595E-07,0.9914851	air2	0,0,0	0,0,0	True	False
9.721479,11.84304,-397.0974	-1.564458E-07,0.1250648,1.809983E-07,0.9921486	air2	0,0,0	0,0,0	True	False
9.735448,11.34267,-395.1414	-1.376829E-07,0.1205249,1.592907E-07,0.9927104	air2	0,0,0	0,0,0	True	False
9.751292,10.8343,-393.1748	-1.211682E-07,0.1165275,1.401842E-07,0.9931875	air2	0,0,0	0,0,0	True	False
9.769011,10.31793,-391.1975	-1.066329E-07,0.113008,1.233678E-07,0.9935941	air2	0,0,0	0,0,0	True	False
9.788607,9.793564,-389.2096	0,0.2901129,0,0.9569924	air_hook_r_just	0,0,0	19.04763,35.99118,-375.3417	True	False
9.815207,9.512358,-387.2033	0,0.2901129,0,0.9569924	air_hook_r_just	0,0,0	19.04763,35.99118,-375.3417	True	False
9.848899,9.242113,-385.1797	0,0.2901129,0,0.9569924	air_hook_r_just	0,0,0	19.04763,35.99118,-375.3417	True	False
9.88975,8.983234,-383.1399	-0.01449343,0.289232,-0.01133214,0.9570822	air_hook_r_just	0,0,0	19.04763,35.99118,-375.3417	True	False
9.937667,8.736072,-381.0848	-0.02803709,0.2929276,-0.02141926,0.9554834	air_hook_r_just	0,0,0	19.04763,35.99118,-375.3417	True	False
9.992014,8.50091,-379.0156	-0.04103305,0.301769,-0.03054402,0.9520078	air_hook_r_just	0,0,0	19.04763,35.99118,-375.3417	True	False
10.05137,8.277959,-376.9335	-0.05398806,0.3164823,-0.03896464,0.946259	air_hook_r_just	0,0,0	19.04763,35.99118,-375.3417	True	False
10.11078,8.050795,-374.8493	-0.06753875,0.3378119,-0.0468648,0.9376168	air_hook_r_just	0,0,0	19.04763,35.99118,-375.3417	True	False
10.17025,7.819414,-372.7632	-0.08240175,0.3661637,-0.05426845,0.9253048	air_hook_r_just	0,0,0	19.04763,35.99118,-375.3417	True	False
10.22978,7.583812,-370.6751	-0.09913093,0.4010315,-0.06101476,0.9086386	air_hook_r_just	0,0,0	19.04763,35.99118,-375.3417	True	False
10.28936,7.343987,-368.585	-0.1178913,0.4408019,-0.06673649,0.8873227	air_hook_r_just	0,0,0	19.04763,35.99118,-375.3417	True	False
10.349,7.099934,-366.493	-0.1383369,0.4831538,-0.0711217,0.8616072	air_hook_r_just	0,0,0	19.04763,35.99118,-375.3417	True	False
10.4087,6.851649,-364.3989	-0.1598032,0.5257863,-0.07405118,0.8321828	air_hook_r_just	0,0,0	19.04763,35.99118,-375.3417	True	False
10.46845,6.599129,-362.3029	-0.1815731,0.5668998,-0.07558995,0.7999638	air_hook_r_just	0,0,0	19.04763,35.99118,-375.3417	True	False
10.52826,6.342369,-360.2048	-0.2030386,0.605307,-0.07591113,0.7659089	air_hook_r_just	0,0,0	19.04763,35.99118,-375.3417	True	False
10.58813,6.081367,-358.1048	-0.2226633,0.6407527,-0.07470195,0.7309424	air_hook_r_just	0,0,0	19.04763,35.99118,-375.3417	True	False
10.64805,5.816118,-356.0028	-0.2400603,0.673023,-0.07221914,0.6958415	air_hook_r_just	0,0,0	0,0,0	True	False
10.70514,5.542869,-353.8904	-0.2553593,0.7020146,-0.068848,0.6612316	air_hook_r_just	0,0,0	0,0,0	True	False
10.75929,5.26162,-351.7676	-0.2358851,0.6317635,-0.06359752,0.7356552	air_hook_r_just	0,0,0	0,0,0	True	False
10.81041,4.972371,-349.6344	-0.2158975,0.561131,-0.05820862,0.7969518	air_hook_r_just	0,0,0	0,0,0	True	False
10.85839,4.675122,-347.4909	-0.1960975,0.4921645,-0.05287031,0.8464778	air_hook_r_just	0,0,0	0,0,0	True	False
10.90311,4.369874,-345.3371	-0.1770257,0.4261024,-0.0477283,0.885901	air_hook_r_just	0,0,0	0,0,0	True	False
10.94432,4.056624,-343.173	-0.1589921,0.3640644,-0.04286622,0.9167012	air_hook_r_just	0,0,0	0,0,0	True	False
10.98148,3.735375,-340.999	-0.1422758,0.3056469,-0.03835931,0.9406732	air_hook_r_just	0,0,0	0,0,0	True	False
11.01373,3.406126,-338.8153	-0.1270258,0.2496551,-0.0342477,0.959356	air_hook_r_just	0,0,0	0,0,0	True	False
11.04015,3.068878,-336.6226	-0.1132934,0.1942735,-0.03054529,0.9739043	air_hook_r_just	0,0,0	0,0,0	True	False
11.05977,2.723629,-334.4214	-0.1009901,0.1389069,-0.02722818,0.9847662	air_hook_r_just	0,0,0	0,0,0	True	False
11.07159,2.37038,-332.2128	-0.09000071,0.08322557,-0.0242653,0.9921616	air_hook_r_just	0,0,0	0,0,0	True	False
11.07501,2.009131,-329.9974	-0.08022588,0.02644781,-0.02162988,0.996191	air_hook_r_just	0,0,0	0,0,0	True	False
11.06961,1.639882,-327.7758	-0.07145072,-0.02872987,-0.01926399,0.9968442	air_hook_r_just	0,0,0	0,0,0	True	False
11.05529,1.262633,-325.5481	-0.06356212,-0.08133702,-0.01713713,0.9945102	air_hook_r_just	0,0,0	0,0,0	True	False
11.03204,0.8773844,-323.3143	-0.05643059,-0.128814,-0.01521438,0.989945	air_hook_r_just	0,0,0	0,0,0	True	False
10.99986,0.4841354,-321.0744	-0.05000168,-0.1706314,-0.01348107,0.9839731	air_hook_r_just	0,0,0	0,0,0	True	False
10.95876,0.08288658,-318.8285	-0.04423764,-0.2073681,-0.01192701,0.9771895	slide	0,0,0	0,0,0	False	False
10.91807,-0.3263623,-316.605	-0.03550937,-0.1682896,-0.009573763,0.9850513	slide	0,0,0	0,0,0	True	False
10.88253,-0.08186936,-314.7723	-0.03129272,-0.1494051,-0.008436903,0.9882448	slide	0,0,0	0,0,0	False	False
10.84324,-0.03201205,-312.8474	-0.02507542,-0.1217787,-0.006760644,0.9922175	slide	0,0,0	0,0,0	False	False
10.80455,-0.0221768,-310.9493	-0.02008151,-0.09958213,-0.005414222,0.994812	slide	0,0,0	0,0,0	False	False
10.76624,-0.02032596,-309.0702	-0.01607606,-0.08177515,-0.004334304,0.9965118	slide	0,0,0	0,0,0	False	False
10.7284,-0.01999861,-307.2138	-0.01286641,-0.06750354,-0.003468943,0.9976301	slide	0,0,0	0,0,0	False	False
10.69105,-0.02001518,-305.3806	-0.01029598,-0.05607259,-0.002775922,0.9983698	slide	0,0,0	0,0,0	False	False
10.65418,-0.02002823,-303.5704	-0.00823824,-0.04692062,-0.002221131,0.9988622	slide	0,0,0	0,0,0	False	False
10.61777,-0.02003568,-301.7832	-0.00659134,-0.03959523,-0.001777107,0.9991925	slide	0,0,0	0,0,0	False	False
10.58183,-0.02003473,-300.0186	-0.005273454,-0.03373287,-0.001421789,0.999416	slide	0,0,0	0,0,0	False	False
10.54636,-0.02009004,-298.2764	-0.00421896,-0.02904189,-0.001137484,0.9995687	slide	0,0,0	0,0,0	False	False
10.51134,-0.020096,-296.5565	-0.003375268,-0.0252885,-0.000910014,0.9996741	slide	0,0,0	0,0,0	False	False
10.47677,-0.02009398,-294.8586	-0.002700266,-0.02228546,-0.0007280251,0.9997478	slide	0,0,0	0,0,0	False	False
10.44264,-0.02009135,-293.1824	-0.002160239,-0.01988285,-0.0005824272,0.9997998	slide	0,0,0	0,0,0	False	False
10.40895,-0.02008623,-291.5277	-0.001728205,-0.01796066,-0.0004659454,0.9998371	slide	0,0,0	0,0,0	False	False
10.37569,-0.02008247,-289.8944	-0.001382571,-0.01642285,-0.0003727582,0.9998642	slide	0,0,0	0,0,0	False	False
10.34286,-0.02007771,-288.2823	-0.00110606,-0.01519257,-0.0002982075,0.9998839	slide	0,0,0	0,0,0	False	False
10.31046,-0.0200755,-286.691	-0.0008848499,-0.01420833,-0.0002385665,0.9998987	slide	0,0,0	0,0,0	False	False
10.27847,-0.02007031,-285.1204	-0.0007078808,-0.01342092,-0.0001908534,0.9999097	slide	0,0,0	0,0,0	False	False
10.24689,-0.02006853,-283.5703	-0.0005663051,-0.01279098,-0.0001526829,0.999918	slide	0,0,0	0,0,0	False	False
10.21573,-0.02006435,-282.0404	-0.0004530443,-0.01228703,-0.0001221464,0.9999244	slide	0,0,0	0,0,0	False	False
10.18497,-0.02006108,-280.5307	-0.0003624356,-0.01188387,-9.771713E-05,0.9999293	slide	0,0,0	0,0,0	False	False
10.15461,-0.02005887,-279.0408	-0.0002899485,-0.01156134,-7.817373E-05,0.9999331	slide	0,0,0	0,0,0	False	False
10.12465,-0.02005792,-277.5706	-0.0002319589,-0.01130331,-6.253899E-05,0.9999361	slide	0,0,0	0,0,0	False	False
10.09508,-0.02005529,-276.1198	-0.0001855671,-0.01109689,-5.00312E-05,0.9999384	slide	0,0,0	0,0,0	False	False
10.06589,-0.0200541,-274.6884	-0.0001484537,-0.01093175,-4.002497E-05,0.9999403	slide	0,0,0	0,0,0	False	False
10.0371,-0.02005452,-273.276	-0.000118763,-0.01079964,-3.201998E-05,0.9999417	slide	0,0,0	0,0,0	False	False
10.00868,-0.02005351,-271.8825	-9.501039E-05,-0.01069395,-2.561598E-05,0.9999428	slide	0,0,0	0,0,0	False	False
9.98064,-0.02005118,-270.5078	-7.600831E-05,-0.0106094,-2.049278E-05,0.9999437	slide	0,0,0	0,0,0	False	False
9.952973,-0.02005053,-269.1516	-6.080665E-05,-0.01054176,-1.639423E-05,0.9999444	slide	0,0,0	0,0,0	False	False
9.925676,-0.02004856,-267.8137	-4.864532E-05,-0.01048765,-1.311538E-05,0.999945	slide	0,0,0	0,0,0	False	False
9.898745,-0.0200454,-266.4939	-3.891626E-05,-0.01044436,-1.049231E-05,0.9999455	slide	0,0,0	0,0,0	False	False
9.872175,-0.02004409,-265.1922	-3.113301E-05,-0.01040973,-8.393846E-06,0.9999458	slide	0,0,0	0,0,0	False	False
9.845963,-0.02004468,-263.9082	-2.490641E-05,-0.01038202,-6.715077E-06,0.9999461	slide	0,0,0	0,0,0	False	False
9.820107,-0.02004409,-262.6418	-1.992513E-05,-0.01035986,-5.372061E-06,0.9999464	slide	0,0,0	0,0,0	False	False
9.794602,-0.02004236,-261.3929	-1.59401E-05,-0.01034213,-4.297649E-06,0.9999465	slide	0,0,0	0,0,0	False	False
9.769445,-0.0200395,-260.1613	-1.275208E-05,-0.01032794,-3.438119E-06,0.9999467	slide	0,0,0	0,0,0	False	False
9.744633,-0.02003855,-258.9467	-1.020166E-05,-0.01031659,-2.750495E-06,0.9999468	slide	0,0,0	0,0,0	False	False
9.72016,-0.02003652,-257.749	-8.161332E-06,-0.01030751,-2.200396E-06,0.9999469	slide	0,0,0	0,0,0	False	False
9.696026,-0.02003646,-256.5681	-6.529065E-06,-0.01030025,-1.760317E-06,0.999947	slide	0,0,0	0,0,0	False	False
9.672225,-0.02003539,-255.4038	-5.223252E-06,-0.01029444,-1.408254E-06,0.999947	slide	0,0,0	0,0,0	False	False
9.648756,-0.01999646,-254.2559	-4.178602E-06,-0.01028979,-1.126603E-06,0.9999471	slide	0,0,0	0,0,0	False	False
9.625613,-0.02002412,-253.1242	-3.342881E-06,-0.01028607,-9.012824E-07,0.9999471	slide	0,0,0	0,0,0	False	False
9.602796,-0.0199964,-252.0087	-2.674305E-06,-0.0102831,-7.210259E-07,0.9999471	slide	0,0,0	0,0,0	False	False
9.580298,-0.01998979,-250.9091	-2.139444E-06,-0.01028072,-5.768208E-07,0.9999472	slide	0,0,0	0,0,0	False	False
9.558119,-0.02002358,-249.8252	-1.711555E-06,-0.01027882,-4.614567E-07,0.9999472	slide	0,0,0	0,0,0	False	False
9.536255,-0.01999432,-248.757	-1.369244E-06,-0.01027729,-3.691653E-07,0.9999472	slide	0,0,0	0,0,0	False	False
9.514702,-0.02002311,-247.7042	-1.095395E-06,-0.01027607,-2.953323E-07,0.9999472	slide	0,0,0	0,0,0	False	False
9.493457,-0.02002627,-246.6667	-8.763164E-07,-0.0102751,-2.362658E-07,0.9999472	slide	0,0,0	0,0,0	False	False
9.472518,-0.01999253,-245.6444	-7.010531E-07,-0.01027432,-1.890127E-07,0.9999472	slide	0,0,0	0,0,0	False	False
9.451881,-0.01998609,-244.637	-5.608425E-07,-0.01027369,-1.512101E-07,0.9999472	slide	0,0,0	0,0,0	False	False
9.431543,-0.02001721,-243.6445	-4.48674E-07,-0.0102732,-1.209681E-07,0.9999472	slide	0,0,0	0,0,0	False	False
9.411503,-0.01999122,-242.6668	-3.589392E-07,-0.0102728,-9.677449E-08,0.9999472	slide	0,0,0	0,0,0	False	False
9.391755,-0.01998645,-241.7035	-2.871514E-07,-0.01027248,-7.741959E-08,0.9999472	slide	0,0,0	0,0,0	False	False
9.372298,-0.01998425,-240.7547	-2.297211E-07,-0.01027222,-6.193567E-08,0.9999472	slide	0,0,0	0,0,0	False	False
9.353129,-0.01998156,-239.8201	-1.837769E-07,-0.01027202,-4.954853E-08,0.9999472	slide	0,0,0	0,0,0	False	False
9.334245,-0.0199815,-238.8997	-1.470215E-07,-0.01027185,-3.963883E-08,0.9999472	slide	0,0,0	0,0,0	False	False
9.315642,-0.01998103,-237.9932	-1.176172E-07,-0.01027172,-3.171106E-08,0.9999472	slide	0,0,0	0,0,0	False	False
9.297319,-0.01998007,-237.1006	0,-0.99095,0,0.1342316	air_hook_r_just	0,0,0	-11.91436,49.69536,-313.9604	False	False
9.275295,0.4254452,-236.2309	0,-0.99095,0,0.1342316	air_hook_r_just	0,0,0	-11.91436,49.69536,-313.9604	False	False
9.119784,1.235837,-235.7097	0,-0.99095,0,0.1342316	air_hook_r_just	0,0,0	-11.91436,49.69536,-313.9604	True	False
8.967419,2.051058,-235.211	-0.008392648,-0.9928363,-0.005077691,0.1190789	air_hook_r_just	0,0,0	-11.91436,49.69536,-313.9604	True	False
8.81826,2.870965,-234.7348	-0.0157733,-0.9942517,-0.009558528,0.1054682	air_hook_r_just	0,0,0	-11.91436,49.69536,-313.9604	True	False
8.672335,3.695411,-234.2813	-0.02226233,-0.9953005,-0.01347247,0.0932731	air_hook_r_just	0,0,0	-11.91436,49.69536,-313.9604	True	False
8.529667,4.524251,-233.8505	-0.02796549,-0.9960683,-0.01688721,0.08234555	air_hook_r_just	0,0,0	-11.91436,49.69536,-313.9604	True	False
8.390315,5.357341,-233.4426	-0.03297674,-0.9966213,-0.01986282,0.07255322	air_hook_r_just	0,0,0	-11.91436,49.69536,-313.9604	True	False
8.254338,6.194533,-233.0575	-0.03737924,-0.9970111,-0.02245252,0.06377814	air_hook_r_just	0,0,0	-11.91436,49.69536,-313.9604	True	False
8.121793,7.035684,-232.6954	-0.0412465,-0.9972773,-0.02470348,0.05591511	air_hook_r_just	0,0,0	-11.91436,49.69536,-313.9604	True	False
7.992699,7.880648,-232.3562	-0.0446434,-0.9974507,-0.02665731,0.04887128	air_hook_r_just	0,0,0	-11.91436,49.69536,-313.9604	True	False
7.867075,8.729278,-232.0401	-0.04762716,-0.9975551,-0.02835073,0.04256511	air_hook_r_just	0,0,0	-11.91436,49.69536,-313.9604	True	False
7.74494,9.581429,-231.7472	-0.05024822,-0.9976084,-0.02981594,0.03692617	air_hook_r_just	0,0,0	-11.91436,49.69536,-313.9604	True	False
7.626312,10.43696,-231.4776	-0.05255103,-0.9976248,-0.03108128,0.03189378	air_hook_r_just	0,0,0	-11.91436,49.69536,-313.9604	True	False
7.511206,11.29572,-231.2312	-0.0545748,-0.9976146,-0.03217158,0.02741648	air_hook_r_just	0,0,0	-11.91436,49.69536,-313.9604	True	False
7.399637,12.15756,-231.0082	-0.05635409,-0.9975861,-0.03310856,0.0234516	air_hook_r_just	0,0,0	-11.91436,49.69536,-313.9604	True	False
7.291618,13.02234,-230.8087	-0.05791944,-0.9975454,-0.03391112,0.01996528	air_hook_r_just	0,0,0	-11.91436,49.69536,-313.9604	True	False
7.187164,13.88991,-230.6327	-0.05929793,-0.997497,-0.03459558,0.01693293	air_hook_r_just	0,0,0	-11.91436,49.69536,-313.9604	True	False
7.086285,14.76013,-230.4803	-0.06051359,-0.9974443,-0.0351758,0.01434001	air_hook_r_just	0,0,0	-11.91436,49.69536,-313.9604	True	False
6.988991,15.63285,-230.3515	-0.06158799,-0.9973899,-0.03566336,0.012184	air_hook_r_just	0,0,0	-11.91436,49.69536,-313.9604	True	False
6.895293,16.50792,-230.2465	-0.06254064,-0.9973355,-0.03606741,0.01047751	air_hook_r_just	0,0,0	-11.91436,49.69536,-313.9604	True	False
6.805198,17.3852,-230.1652	-0.0633895,-0.9972821,-0.0363945,0.009253566	air_hook_r_just	0,0,0	-11.91436,49.69536,-313.9604	True	False
6.718713,18.26454,-230.1078	-0.0641517,-0.9972302,-0.03664811,0.008574258	air_hook_r_just	0,0,0	-11.91436,49.69536,-313.9604	True	False
6.635844,19.14579,-230.0742	-0.06484411,-0.997179,-0.03682781,0.00854399	air_hook_r_just	0,0,0	-11.91436,49.69536,-313.9604	True	False
6.556597,20.02881,-230.0646	-0.06521699,-0.9971439,-0.0369322,0.009316315	air_hook_r_just	0,0,0	-11.91436,49.69536,-313.9604	True	False
6.480974,20.91344,-230.079	-0.06500585,-0.9971382,-0.03696255,0.01111269	air_hook_r_just	0,0,0	-11.91436,49.69536,-313.9604	True	False
6.408977,21.79953,-230.1175	-0.06410823,-0.9971587,-0.03692601,0.0141847	air_hook_r_just	0,0,0	-11.91436,49.69536,-313.9604	True	False
6.340608,22.68695,-230.18	-0.06248358,-0.9971913,-0.03684538,0.0186489	air_hook_r_just	0,0,0	-11.91436,49.69536,-313.9604	True	False
6.275867,23.57553,-230.2667	-0.06023721,-0.997211,-0.03675491,0.02430793	air_hook_r_just	0,0,0	-11.91436,49.69536,-313.9604	True	False
6.214751,24.46514,-230.3777	-0.0575874,-0.9971933,-0.03668196,0.03071988	air_hook_r_just	0,0,0	-11.91436,49.69536,-313.9604	True	False
6.157258,25.35561,-230.5128	-0.0547541,-0.997125,-0.03663898,0.03743577	air_hook_r_just	0,0,0	-11.91436,49.69536,-313.9604	True	False
6.103384,26.24679,-230.6723	-0.05189949,-0.9970043,-0.03662845,0.04412732	air_hook_r_just	0,0,0	-11.91436,49.69536,-313.9604	True	False
6.053125,27.13855,-230.856	-0.04912667,-0.996837,-0.03664889,0.0505906	air_hook_r_just	0,0,0	-11.91436,49.69536,-313.9604	True	False
6.006472,28.03071,-231.0642	-0.0464957,-0.996632,-0.0366978,0.05671187	air_hook_r_just	0,0,0	-11.91436,49.69536,-313.9604	True	False
5.963418,28.92313,-231.2968	-0.04403849,-0.9963986,-0.0367728,0.06243601	air_rise	0,0,0	-11.91436,49.69536,-313.9604	True	False
5.923953,29.81566,-231.5538	-0.04176922,-0.9961458,-0.0368719,0.06774437	air_rise	0,0,0	-11.91436,49.69536,-313.9604	True	False
5.888066,30.70813,-231.8353	-0.02437148,-0.9963818,-0.03863212,0.07167166	air_rise	0,0,0	-11.91436,49.69536,-313.9604	True	False
5.855745,31.60039,-232.1413	-0.008479279,-0.9963417,-0.04024513,0.07491136	air_rise	0,0,0	-11.91436,49.69536,-313.9604	True	False
5.826976,32.49229,-232.4719	0.00600528,-0.996094,-0.04172683,0.07758597	air_rise	0,0,0	-11.91436,49.69536,-313.9604	True	False
5.801744,33.38367,-232.8271	0.01918785,-0.9956945,-0.04309282,0.07979601	air_rise	0,0,0	-11.91436,49.69536,-313.9604	True	False
5.780066,34.27436,-233.2068	0.03117573,-0.9951874,-0.04435785,0.08162457	air_rise	0,0,0	-11.91436,49.69536,-313.9604	True	False
5.76196,35.16421,-233.6112	0.04207395,-0.9946074,-0.04553562,0.08314069	air_rise	0,0,0	-11.91436,49.69536,-313.9604	True	False
5.74744,36.05305,-234.0401	0.05198425,-0.9939814,-0.0466386,0.08440142	air_rise	0,0,0	-11.91436,49.69536,-313.9604	True	False
5.736485,36.94071,-234.4935	0.06100206,-0.9933293,-0.04767809,0.08545461	air_rise	0,0,0	-11.91436,49.69536,-313.9604	True	False
5.729106,37.82704,-234.9716	0.06921592,-0.9926662,-0.04866423,0.08634062	air_rise	0,0,0	-11.91436,49.69536,-313.9604	True	False
5.725313,38.71187,-235.4743	0.07670619,-0.9920031,-0.04960609,0.08709399	air_hook_r	0,0,0	-11.91436,49.69536,-313.9604	True	False
5.725113,39.59502,-236.0015	0.08354758,-0.9913473,-0.05051175,0.08774351	air_hook_r	0,0,0	-11.91436,49.69536,-313.9604	True	False
5.728477,40.47633,-236.5533	0.08980813,-0.9907041,-0.05138838,0.08831362	air_hook_r	0,0,0	-11.91436,49.69536,-313.9604	True	False
5.735375,41.35563,-237.1297	0.09554951,-0.9900764,-0.05224235,0.08882522	air_hook_r	0,0,0	-11.91436,49.69536,-313.9604	True	False
5.745773,42.23273,-237.7306	0.1008266,-0.9894659,-0.05307934,0.08929653	air_hook_r	0,0,0	-11.91436,49.69536,-313.9604	True	False
5.759637,43.10747,-238.3562	0.1056889,-0.9888733,-0.05390443,0.08974317	air_hook_r	0,0,0	-11.91436,49.69536,-313.9604	True	False
5.776929,43.97966,-239.0065	0.1101814,-0.9882982,-0.0547221,0.09017858	air_hook_r	0,0,0	-11.91436,49.69536,-313.9604	True	False
5.797612,44.84912,-239.6813	0.1143444,-0.9877399,-0.05553636,0.09061433	air_hook_r	0,0,0	-11.91436,49.69536,-313.9604	True	False
5.821643,45.71568,-240.3808	0.1182143,-0.987197,-0.05635079,0.09106053	air_hook_r	0,0,0	-11.91436,49.69536,-313.9604	True	False
5.848944,46.57914,-241.105	0.1218239,-0.986668,-0.05716857,0.0915259	air_hook_r	0,0,0	-11.91436,49.69536,-313.9604	True	False
5.879436,47.43931,-241.8538	0.1252028,-0.986151,-0.05799255,0.0920182	air_hook_r	0,0,0	-11.91436,49.69536,-313.9604	True	False
5.912963,48.29601,-242.6275	0.1283767,-0.9856442,-0.0588254,0.09254461	air_hook_r	0,0,0	-11.91436,49.69536,-313.9604	True	False
5.949369,49.14903,-243.426	0.1313689,-0.9851457,-0.0596695,0.09311144	air_hook_r	0,0,0	-11.91436,49.69536,-313.9604	True	False
5.988566,49.99818,-244.2494	0.1341992,-0.9846536,-0.06052721,0.09372503	air_hook_r	0,0,0	-11.91436,49.69536,-313.9604	True	False
6.030462,50.83926,-245.0977	0.1368854,-0.984166,-0.06140069,0.09439097	air_hook_r	0,0,0	-11.91436,49.69536,-313.9604	True	False
6.074998,51.67207,-245.9708	0.1394452,-0.983681,-0.06229176,0.09511378	air_hook_r	0,0,0	-11.91436,49.69536,-313.9604	True	False
6.122114,52.49639,-246.8689	0.1418907,-0.9831976,-0.06318714,0.09590065	air_hook_r	0,0,0	-11.91436,49.69536,-313.9604	True	False
6.171744,53.31202,-247.7918	0.1442371,-0.9827139,-0.06409068,0.09675505	air_hook_r	0,0,0	-11.91436,49.69536,-313.9604	True	False
6.223823,54.11874,-248.7395	0.146498,-0.9822276,-0.06500592,0.09768044	air_hook_r	0,0,0	-11.91436,49.69536,-313.9604	True	False
6.27828,54.91634,-249.712	0.1486859,-0.9817368,-0.0659361,0.09868035	air_hook_r	0,0,0	-11.91436,49.69536,-313.9604	True	False
6.335042,55.70459,-250.7092	0.1508117,-0.9812393,-0.06688424,0.09975835	air_hook_r	0,0,0	-11.91436,49.69536,-313.9604	True	False
6.394033,56.48329,-251.7312	0.1528858,-0.9807331,-0.06785319,0.1009182	air_hook_r	0,0,0	-11.91436,49.69536,-313.9604	True	False
6.455173,57.25219,-252.7778	0.1549174,-0.9802161,-0.06884565,0.1021639	air_hook_r	0,0,0	-11.91436,49.69536,-313.9604	True	False
6.518378,58.01107,-253.849	0.1569147,-0.979686,-0.06986424,0.1034996	air_hook_r	0,0,0	-11.91436,49.69536,-313.9604	True	False
6.583561,58.7597,-254.9448	0.1588856,-0.9791408,-0.0709115,0.1049296	air_hook_r	0,0,0	-11.91436,49.69536,-313.9604	True	False
6.65063,59.49783,-256.065	0.1608372,-0.9785783,-0.07199001,0.1064588	air_hook_r	0,0,0	-11.91436,49.69536,-313.9604	True	False
6.719491,60.22522,-257.2097	0.1627762,-0.977996,-0.0731023,0.1080923	air_hook_r	0,0,0	-11.91436,49.69536,-313.9604	True	False
6.790045,60.94163,-258.3787	0.1647085,-0.9773915,-0.07425099,0.1098355	air_hook_r	0,0,0	-11.91436,49.69536,-313.9604	True	False
6.862188,61.6468,-259.572	0.16664,-0.9767622,-0.07543879,0.1116945	air_hook_r	0,0,0	-11.91436,49.69536,-313.9604	True	False
6.935812,62.34047,-260.7894	0.1685762,-0.9761055,-0.07666853,0.1136758	air_hook_r	0,0,0	-11.91436,49.69536,-313.9604	True	False
7.010805,63.02237,-262.0309	0.1705222,-0.9754182,-0.07794323,0.1157863	air_hook_r	0,0,0	-11.91436,49.69536,-313.9604	True	False
7.087049,63.69224,-263.2964	0.1724829,-0.9746972,-0.07926611,0.1180339	air_hook_r	0,0,0	-11.91436,49.69536,-313.9604	True	False
7.164422,64.3498,-264.5856	0.1744631,-0.973939,-0.08064065,0.1204269	air_hook_r	0,0,0	-11.91436,49.69536,-313.9604	True	False
7.242797,64.99477,-265.8986	0.1764673,-0.9731398,-0.08207065,0.1229745	air_hook_r	0,0,0	-11.91436,49.69536,-313.9604	True	False
7.322042,65.62687,-267.2352	0.1785001,-0.9722953,-0.08356027,0.1256869	air_hook_r	0,0,0	-11.91436,49.69536,-313.9604	True	False
7.402018,66.24579,-268.5952	0.1805658,-0.9714011,-0.08511409,0.1285751	air_hook_r	0,0,0	-11.91436,49.69536,-313.9604	True	False
7.482583,66.85123,-269.9784	0.1826688,-0.9704518,-0.08673722,0.1316514	air_hook_r	0,0,0	-11.91436,49.69536,-313.9604	True	False
7.563588,67.4429,-271.3847	0.1848134,-0.9694418,-0.08843531,0.1349291	air_hook_r	0,0,0	-11.91436,49.69536,-313.9604	True	False
7.644878,68.02047,-272.8139	0.1870038,-0.9683646,-0.09021472,0.1384231	air_hook_r	0,0,0	-11.91436,49.69536,-313.9604	True	False
7.726294,68.58362,-274.2657	0.1892442,-0.967213,-0.09208255,0.1421497	air_hook_r	0,0,0	-11.91436,49.69536,-313.9604	True	False
7.807669,69.13201,-275.74	0.1915389,-0.9659788,-0.09404681,0.146127	air_hook_r	0,0,0	-11.91436,49.69536,-313.9604	True	False
7.888505,69.66532,-277.2367	0.1938918,-0.9646528,-0.09611652,0.1503751	air_hook_r	0,0,0	-11.91436,49.69536,-313.9604	True	False
7.967618,70.1832,-278.7563	0.196307,-0.9632245,-0.09830192,0.154916	air_hook_r	0,0,0	-11.91436,49.69536,-313.9604	True	False
8.042657,70.68531,-280.2994	0.1987852,-0.9616823,-0.1006154,0.1597755	air_hook_r	0,0,0	-11.91436,49.69536,-313.9604	True	False
8.111373,71.17129,-281.8663	0.2013205,-0.9600138,-0.1030719,0.164984	air_hook_r	0,0,0	-11.91436,49.69536,-313.9604	True	False
8.171369,71.64077,-283.4567	0.2038972,-0.9582064,-0.1056871,0.1705779	air_hook_r	0,0,0	-11.91436,49.69536,-313.9604	True	False
8.220687,72.09339,-285.0699	0.2065034,-0.9562447,-0.1084757,0.1765939	air_hook_r	0,0,0	-11.91436,49.69536,-313.9604	True	False
8.257616,72.52878,-286.7049	0.2091278,-0.9541118,-0.1114514,0.1830708	air_hook_r	0,0,0	-11.91436,49.69536,-313.9604	True	False
8.280902,72.94656,-288.361	0.2117651,-0.9517867,-0.1146294,0.1900469	air_hook_r	0,0,0	-11.91436,49.69536,-313.9604	True	False
8.289788,73.34634,-290.0372	0.2144126,-0.949245,-0.118027,0.1975622	air_hook_r	0,0,0	-11.91436,49.69536,-313.9604	True	False
8.283585,73.72777,-291.7327	0.2170714,-0.9464576,-0.1216654,0.2056586	air_hook_r	0,0,0	-11.91436,49.69536,-313.9604	True	False
8.262037,74.09044,-293.4469	0.2197456,-0.9433899,-0.125572,0.2143805	air_hook_r	0,0,0	-11.91436,49.69536,-313.9604	True	False
8.224788,74.43398,-295.1791	0.2224371,-0.9400014,-0.1297783,0.2237785	air_hook_r	0,0,0	-11.91436,49.69536,-313.9604	True	False
8.171129,74.75803,-296.9282	0.2251479,-0.936244,-0.1343238,0.2339075	air_hook_r	0,0,0	-11.91436,49.69536,-313.9604	True	False
8.100131,75.06221,-298.6928	0.2278749,-0.9320621,-0.1392526,0.2448306	air_hook_r	0,0,0	-11.91436,49.69536,-313.9604	True	False
8.010624,75.34618,-300.4709	0.230606,-0.9273914,-0.1446126,0.256619	air_hook_r	0,0,0	-11.91436,49.69536,-313.9604	True	False
7.901504,75.60961,-302.26	0.233321,-0.9221579,-0.1504557,0.2693495	air_hook_r	0,0,0	-11.91436,49.69536,-313.9604	True	False
7.772013,75.85217,-304.0573	0.2359897,-0.9162775,-0.156836,0.2831022	air_hook_r	0,0,0	-11.91436,49.69536,-313.9604	True	False
7.62184,76.07358,-305.8602	0.2385739,-0.9096547,-0.1638095,0.297955	air_hook_r	0,0,0	-11.91436,49.69536,-313.9604	True	False
7.45093,76.27356,-307.6669	0.2410268,-0.9021834,-0.1714347,0.3139769	air_hook_r	0,0,0	-11.91436,49.69536,-313.9604	True	False
7.259307,76.45188,-309.476	0.2431527,-0.8937863,-0.1796946,0.3312593	air_hook_r	0,0,0	-11.91436,49.69536,-313.9604	True	False
7.047014,76.60835,-311.2862	0.2440309,-0.8845865,-0.1881236,0.350093	air_hook_r	0,0,0	-11.91436,49.69536,-313.9604	True	False
6.814108,76.74281,-313.0967	0.2437065,-0.8744351,-0.1967453,0.3704885	air_hook_r	0,0,0	-11.91436,49.69536,-313.9604	True	False
6.560677,76.85512,-314.9065	0.2422162,-0.8631829,-0.2055657,0.3924149	air_hook_r	0,0,0	-11.91436,49.69536,-313.9604	True	False
6.27335,76.90989,-316.7156	0.2395945,-0.8506904,-0.2145703,0.4157885	air_hook_r	0,0,0	-11.91436,49.69536,-313.9604	True	False
5.985709,76.95673,-318.5266	0.2358549,-0.8367924,-0.2237492,0.4405533	air_hook_r	0,0,0	-11.91436,49.69536,-313.9604	True	False
5.697755,76.99561,-320.3397	0.2310825,-0.8214813,-0.2330005,0.4663476	air_hook_r	0,0,0	-11.91436,49.69536,-313.9604	True	False
5.409487,77.02654,-322.1547	0.2253388,-0.8047186,-0.2422491,0.4929156	air_hook_r	0,0,0	-11.91436,49.69536,-313.9604	True	False
5.120905,77.0495,-323.9717	0.2187064,-0.7865273,-0.2514014,0.519942	air_hook_r	0,0,0	-11.91436,49.69536,-313.9604	True	False
4.832009,77.06448,-325.7907	0.2112888,-0.7669937,-0.2603545,0.5470769	air_hook_r	0,0,0	-11.91436,49.69536,-313.9604	True	False
4.5428,77.07149,-327.6117	0.2032059,-0.7462628,-0.2690069,0.5739639	air_hook_r	0,0,0	-11.91436,49.69536,-313.9604	True	False
4.253278,77.0705,-329.4346	0.1945882,-0.7245261,-0.2772666,0.6002671	air_hook_r	0,0,0	-11.91436,49.69536,-313.9604	True	False
3.963441,77.0615,-331.2595	0.1855702,-0.7020077,-0.2850582,0.6256924	air_hook_r	0,0,0	-11.91436,49.69536,-313.9604	True	False
3.673291,77.0445,-333.0864	0.1762833,-0.6789474,-0.292326,0.6500001	air_hook_r	0,0,0	-11.91436,49.69536,-313.9604	True	False
3.382827,77.01949,-334.9152	0.1668516,-0.6555873,-0.2990351,0.6730111	air_hook_r	0,0,0	-11.91436,49.69536,-313.9604	True	False
3.09205,76.98643,-336.7461	0.1573871,-0.6321586,-0.30517,0.6946049	air_hook_r	0,0,0	-11.91436,49.69536,-313.9604	True	False
2.304142,76.12201,-338.192	0.147988,-0.6088738,-0.3107321,0.7147152	air_hook_r	0,0,0	-11.91436,49.69536,-313.9604	True	False
1.484669,75.19132,-339.586	0.1380989,-0.5844561,-0.3160215,0.7344864	air_hook_r	0,0,0	-11.91436,49.69536,-313.9604	True	False
0.6351035,74.1958,-340.9245	0.1282676,-0.5601721,-0.3207957,0.7528909	air_hook_r	0,0,0	-11.91436,49.69536,-313.9604	True	False
-0.2429936,73.13702,-342.2038	0.1185379,-0.5361203,-0.3250799,0.7699656	air_hook_r	0,0,0	-11.91436,49.69536,-313.9604	True	False
-1.147967,72.01675,-343.4204	0.1089449,-0.5123833,-0.3289018,0.7857595	air_hook_r	0,0,0	-11.91436,49.69536,-313.9604	True	False
-2.07807,70.83688,-344.5708	0.09951646,-0.4890275,-0.3322912,0.800332	air_hook_r	0,0,0	-11.91436,49.69536,-313.9604	True	False
-3.03146,69.59953,-345.6514	0.09027279,-0.4661033,-0.3352783,0.8137488	air_hook_r	0,0,0	-11.91436,49.69536,-313.9604	True	False
-4.006198,68.30695,-346.6589	0.08122767,-0.4436461,-0.3378934,0.8260801	air_hook_r	0,0,0	-11.91436,49.69536,-313.9604	True	False
-5.000252,66.96159,-347.5901	0.07238891,-0.4216776,-0.3401659,0.8373978	air_hook_r	0,0,0	-11.91436,49.69536,-313.9604	True	False
-6.011491,65.5661,-348.4415	0.06375912,-0.4002067,-0.342124,0.8477738	air_hook_r	0,0,0	-11.91436,49.69536,-313.9604	True	False
-7.037692,64.1233,-349.2103	0.0553364,-0.3792312,-0.3437939,0.857279	air_hook_r	0,0,0	-11.91436,49.69536,-313.9604	True	False
-8.076536,62.63619,-349.8933	0.04711499,-0.3587388,-0.3452002,0.8659812	air_hook_r	0,0,0	-11.91436,49.69536,-313.9604	True	False
-9.125612,61.10798,-350.4877	0.03908594,-0.3387088,-0.3463651,0.873945	air_hook_r	0,0,0	-11.91436,49.69536,-313.9604	True	False
-10.18242,59.54206,-350.9908	0.03123775,-0.3191135,-0.3473083,0.8812308	air_hook_r	0,0,0	-11.91436,49.69536,-313.9604	True	False
-11.24437,57.942,-351.4002	0.02355695,-0.2999197,-0.3480476,0.8878942	air_hook_r	0,0,0	-11.91436,49.69536,-313.9604	True	False
-12.3074,56.33231,-351.8099	0.01602877,-0.2810899,-0.348598,0.893986	air_hook_r	0,0,0	-11.91436,49.69536,-313.9604	True	False
-13.37151,54.71299,-352.2201	0.008807722,-0.2630211,-0.3489692,0.8994236	air_hook_r	0,0,0	-11.91436,49.69536,-313.9604	True	False
-14.43669,53.08404,-352.6307	0.001870895,-0.245659,-0.3491823,0.9042787	air_hook_r	0,0,0	-11.91436,49.69536,-313.9604	True	False
-15.50295,51.44545,-353.0417	-0.004801829,-0.2289556,-0.3492555,0.9086126	air_hook_r	0,0,0	-11.91436,49.69536,-313.9604	True	False
-16.57027,49.79721,-353.4531	-0.01122809,-0.2128684,-0.3492047,0.9124786	air_hook_r	0,0,0	-11.91436,49.69536,-313.9604	True	False
-17.63865,48.13934,-353.8649	-0.01742336,-0.1973599,-0.3490435,0.9159226	air_hook_r	0,0,0	-11.91436,49.69536,-313.9604	True	False
-18.7081,46.47582,-354.2771	-0.02340122,-0.1823973,-0.3487838,0.9189851	air_hook_r	0,0,0	-11.91436,49.69536,-313.9604	True	False
-19.71486,44.75784,-353.906	-0.02917364,-0.1679513,-0.3484362,0.9217014	air_hook_r	0,0,0	-11.91436,49.69536,-313.9604	True	False
-20.70314,43.04683,-353.4366	-0.0363198,-0.1495827,-0.3428525,0.926692	air_hook_r	0,0,0	-11.91436,49.69536,-313.9604	True	False
-21.67036,41.34712,-352.8694	-0.04321718,-0.1314203,-0.3364114,0.9314979	air_hook_r	0,0,0	-11.91436,49.69536,-313.9604	True	False
-21.859,40.11626,-352.2904	-0.04984766,-0.1134346,-0.3292499,0.9360782	air_hook_r	0,0,0	-11.91436,49.69536,-313.9604	True	False
-21.72756,39.07285,-351.7243	-0.05619815,-0.0956011,-0.3215013,0.9403931	air_hook_r	0,0,0	-11.91436,49.69536,-313.9604	True	False
-21.66635,38.0326,-351.1324	-0.05786794,-0.07128036,-0.2990742,0.9498026	air_hook_r	0,0,0	-11.91436,49.69536,-313.9604	True	False
-21.60253,36.99335,-350.5142	-0.05905928,-0.04959831,-0.2785415,0.9573227	air_hook_r	0,0,0	-11.91436,49.69536,-313.9604	True	False
-21.53164,35.95558,-349.8698	-0.06010171,-0.03024106,-0.2598583,0.9633	air_hook_r	0,0,0	-11.91436,49.69536,-313.9604	True	False
-21.4537,34.91977,-349.1994	-0.06103501,-0.01295986,-0.2428767,0.9680484	air_hook_r	0,0,0	-11.91436,49.69536,-313.9604	True	False
-21.36865,33.88641,-348.5032	-0.06187765,0.002473299,-0.2274437,0.9718202	air_hook_r	0,0,0	-11.91436,49.69536,-313.9604	True	False
-21.27616,32.85601,-347.7816	-0.06264463,0.01626779,-0.2134107,0.9748164	air_hook_r	0,0,0	-11.91436,49.69536,-313.9604	True	False
-21.1757,31.82904,-347.0349	-0.06334803,0.02861443,-0.2006355,0.9771968	air_hook_r	0,0,0	-11.91436,49.69536,-313.9604	True	False
-21.06673,30.80602,-346.2636	-0.06399688,0.03968805,-0.1889791,0.9790894	air_hook_r	0,0,0	-11.91436,49.69536,-313.9604	True	False
-20.94873,29.78742,-345.4684	-0.06459779,0.0496462,-0.1783104,0.9805956	air_hook_r	0,0,0	-11.91436,49.69536,-313.9604	True	False
-20.82975,28.77377,-344.6486	-0.06515562,0.05862877,-0.16851,0.9817953	air_hook_r	0,0,0	-11.91436,49.69536,-313.9604	True	False
-20.70972,27.76553,-343.8046	-0.06567393,0.06675924,-0.1594708,0.9827509	air_hook_r	0,0,0	-11.91436,49.69536,-313.9604	True	False
-20.5887,26.76321,-342.9368	-0.06616971,0.0740869,-0.1512565,0.9834908	air_hook_r	0,0,0	-11.91436,49.69536,-313.9604	True	False
-20.46672,25.76728,-342.0454	-0.06664674,0.08073021,-0.143767,0.9840589	air_hook_r	0,0,0	-11.91436,49.69536,-313.9604	True	False
-20.34384,24.77822,-341.1309	-0.06710817,0.08679473,-0.1369158,0.9844883	air_hook_r	0,0,0	-11.91436,49.69536,-313.9604	True	False
-20.2201,23.79649,-340.1937	-0.06755669,0.09237563,-0.1306268,0.9848043	air_hook_r	0,0,0	-11.91436,49.69536,-313.9604	True	False
-20.0955,22.82256,-339.2341	-0.06799465,0.09755915,-0.1248334,0.9850257	air_hook_r	0,0,0	-11.91436,49.69536,-313.9604	True	False
-19.95625,21.89122,-338.2286	-0.06842422,0.1024243,-0.119478,0.9851662	air_hook_r	0,0,0	-11.91436,49.69536,-313.9604	True	False
-19.80554,20.99416,-337.1879	-0.06883415,0.1071041,-0.1143835,0.9852446	air_hook_r	0,0,0	-11.91436,49.69536,-313.9604	True	False
-19.64345,20.13302,-336.1132	-0.06919959,0.1116493,-0.1095234,0.9852667	air_hook_r	0,0,0	-11.91436,49.69536,-313.9604	True	False
-19.47012,19.30944,-335.0056	-0.06952689,0.1161041,-0.1048801,0.985234	air_hook_r	0,0,0	-11.91436,49.69536,-313.9604	True	False
-19.2857,18.525,-333.8665	-0.06982199,0.1205129,-0.1004389,0.9851465	air_hook_r	0,0,0	-11.91436,49.69536,-313.9604	True	False
-19.09035,17.78123,-332.6974	-0.07009063,0.1249215,-0.09618746,0.9850025	air_hook_r	0,0,0	-11.91436,49.69536,-313.9604	True	False
-18.88427,17.07963,-331.4995	-0.0703385,0.129378,-0.09211625,0.9847987	air_hook_r	0,0,0	-11.91436,49.69536,-313.9604	True	False
-18.66768,16.42162,-330.2745	-0.07057148,0.1339351,-0.08821864,0.9845296	air_hook_r	0,0,0	-11.91436,49.69536,-313.9604	True	False
-18.4408,15.80859,-329.0241	-0.07079601,0.1386519,-0.08449119,0.9841874	air_hook_r	0,0,0	-11.91436,49.69536,-313.9604	True	False
-18.20392,15.24183,-327.7498	-0.07101937,0.1435971,-0.08093415,0.9837611	air_hook_r	0,0,0	-11.91436,49.69536,-313.9604	True	False
-17.9573,14.72259,-326.4535	-0.07125036,0.1488532,-0.0775522,0.9832354	air_hook_r	0,0,0	-11.91436,49.69536,-313.9604	True	False
-17.70126,14.25203,-325.1369	-0.07150009,0.1545223,-0.0743555,0.9825894	air_hook_r	0,0,0	-11.91436,49.69536,-313.9604	True	False
-17.43612,13.83124,-323.802	-0.07178342,0.1607347,-0.07136144,0.9817938	air_hook_r	0,0,0	-11.91436,49.69536,-313.9604	True	False
-17.16224,13.46122,-322.4507	-0.07212123,0.1676628,-0.06859718,0.9808069	air_hook_r	0,0,0	-11.91436,49.69536,-313.9604	True	False
-16.87998,13.1429,-321.0849	-0.07254428,0.1755418,-0.06610385,0.9795676	air_hook_r	0,0,0	-11.91436,49.69536,-313.9604	True	False
-16.58973,12.87711,-319.7068	-0.07310048,0.1847049,-0.06394307,0.9779835	air_hook_r	0,0,0	-11.91436,49.69536,-313.9604	True	False
-16.2919,12.66458,-318.3184	-0.07386875,0.1956419,-0.06220777,0.9759088	air_hook_r	0,0,0	-11.91436,49.69536,-313.9604	True	False
-15.98693,12.50596,-316.9219	-0.07498778,0.2091037,-0.06103981,0.9731016	air_hook_r	0,0,0	-11.91436,49.69536,-313.9604	True	False
-15.67524,12.40179,-315.5193	-0.07671917,0.2262887,-0.06065678,0.969138	air_hook_r	0,0,0	-11.91436,49.69536,-313.9604	True	False
-15.35732,12.35252,-314.113	-0.07959175,0.2491561,-0.06137984,0.9632336	air_hook_r	0,0,0	-11.91436,49.69536,-313.9604	True	False
-15.03363,12.35849,-312.7052	-0.08470873,0.2807783,-0.0635875,0.9539102	air_hook_r	0,0,0	-11.91436,49.69536,-313.9604	True	False
-14.70466,12.41994,-311.298	-0.09409295,0.3247571,-0.06729504,0.9386963	air_hook_r	0,0,0	-11.91436,49.69536,-313.9604	True	False
-14.37093,12.537,-309.8937	-0.1097379,0.3814725,-0.07125892,0.915073	air_hook_r	0,0,0	-11.91436,49.69536,-313.9604	True	False
-14.03296,12.7097,-308.4946	-0.1310031,0.4452373,-0.07359798,0.8827147	air_hook_r	0,0,0	-11.91436,49.69536,-313.9604	True	False
-13.69126,12.93794,-307.103	-0.1552451,0.5092595,-0.07361533,0.843288	air_hook_r	0,0,0	-11.91436,49.69536,-313.9604	True	False
-13.34639,13.22155,-305.7212	-0.180165,0.5693421,-0.07159746,0.7989143	air_hook_r	0,0,0	-11.91436,49.69536,-313.9604	True	False
-12.99888,13.56022,-304.3513	-0.2043512,0.6235059,-0.06807052,0.7515633	air_hook_r	0,0,0	-11.91436,49.69536,-313.9604	True	False
-12.6493,13.95354,-302.9956	-0.2259254,0.6714662,-0.06323852,0.7029167	air_hook_r	0,0,0	-11.91436,49.69536,-313.9604	True	False
-12.29821,14.40101,-301.6565	-0.2446464,0.7132196,-0.05758137,0.6543321	air_hook_r	0,0,0	-11.91436,49.69536,-313.9604	True	False
-11.94616,14.90199,-300.3359	-0.2607159,0.7490667,-0.05149622,0.6068562	air_hook_r	0,0,0	-11.91436,49.69536,-313.9604	True	False
-11.59374,15.45578,-299.0363	-0.2743926,0.7795248,-0.04525897,0.56125	air_hook_r	0,0,0	-11.91436,49.69536,-313.9604	True	False
-11.24151,16.06153,-297.7595	-0.2859558,0.8052027,-0.03905959,0.5180274	air_hook_r	0,0,0	-11.91436,49.69536,-313.9604	True	False
-10.8888,16.66412,-296.481	-0.2956819,0.8267254,-0.03302597,0.4775004	air_hook_r	0,0,0	-11.91436,49.69536,-313.9604	True	False
-10.5356,17.26353,-295.2008	-0.3038287,0.8446789,-0.02725001,0.4398445	air_hook_r	0,0,0	-11.91436,49.69536,-313.9604	True	False
-10.18192,17.85977,-293.9188	-0.3106329,0.8596108,-0.02178054,0.4050953	air_hook_r	0,0,0	-11.91436,49.69536,-313.9604	True	False
-9.82775,18.45282,-292.635	-0.3163036,0.8720056,-0.01664363,0.3732041	air_hook_r	0,0,0	-11.91436,49.69536,-313.9604	True	False
-9.473096,19.04269,-291.3495	-0.3210227,0.8822833,-0.01184906,0.3440643	air_hook_r	0,0,0	-11.91436,49.69536,-313.9604	True	False
-9.117955,19.62937,-290.0622	-0.3249461,0.8908026,-0.007395226,0.3175312	air_hook_r	0,0,0	-11.91436,49.69536,-313.9604	True	False
-8.762328,20.21285,-288.7732	-0.3282061,0.8978664,-0.003272852,0.2934382	air_hook_r	0,0,0	-11.91436,49.69536,-313.9604	True	False
-8.406213,20.79313,-287.4824	-0.3309141,0.9037282,0.0005323184,0.2716082	air_hook_r	0,0,0	-11.91436,49.69536,-313.9604	True	False
-8.04961,21.37021,-286.1898	-0.3331634,0.9085988,0.004037591,0.2518613	air_hook_r	0,0,0	-11.91436,49.69536,-313.9604	True	False
-7.692518,21.94407,-284.8955	-0.3350319,0.9126528,0.007261879,0.234021	air_hook_r	0,0,0	-11.91436,49.69536,-313.9604	True	False
-7.334938,22.51473,-283.5994	-0.3365843,0.916034,0.01022469,0.2179179	air_hook_r	0,0,0	-11.91436,49.69536,-313.9604	True	False
-6.976868,23.08216,-282.3015	-0.3378744,0.9188608,0.01294548,0.2033917	air_hook_r	0,0,0	-11.91436,49.69536,-313.9604	True	False
-6.618307,23.64637,-281.0018	-0.3389465,0.9212304,0.01544315,0.1902929	air_hook_r	0,0,0	-11.91436,49.69536,-313.9604	True	False
-6.259256,24.20736,-279.7003	-0.3398376,0.9232225,0.01773581,0.1784832	air_hook_r	0,0,0	-11.91436,49.69536,-313.9604	True	False
-5.899714,24.76511,-278.3971	-0.3405781,0.9249023,0.01984055,0.1678355	air_hook_r	0,0,0	-11.91436,49.69536,-313.9604	True	False
-5.53968,25.31962,-277.0921	-0.3411933,0.9263235,0.02177336,0.1582339	air_hook_r	0,0,0	-11.91436,49.69536,-313.9604	True	False
-5.179154,25.87089,-275.7853	-0.3417041,0.9275299,0.02354911,0.1495727	air_hook_r	0,0,0	-11.91436,49.69536,-313.9604	True	False
-4.818135,26.41892,-274.4767	-0.3421278,0.9285578,0.02518155,0.1417564	air_hook_r	0,0,0	-11.91436,49.69536,-313.9604	True	False
-4.456623,26.96369,-273.1663	-0.3424788,0.9294367,0.02668332,0.1346988	air_hook_r	0,0,0	-11.91436,49.69536,-313.9604	True	False
-4.094617,27.50521,-271.8542	-0.3427691,0.9301909,0.028066,0.1283219	air_hook_r	0,0,0	-11.91436,49.69536,-313.9604	True	False
-3.732117,28.04347,-270.5402	-0.3430086,0.9308407,0.02934023,0.1225557	air_hook_r	0,0,0	-11.91436,49.69536,-313.9604	True	False
-3.369122,28.57846,-269.2244	-0.3432055,0.9314026,0.03051568,0.1173374	air_hook_r	0,0,0	-11.91436,49.69536,-313.9604	True	False
-3.005632,29.11018,-267.9069	-0.3433667,0.9318903,0.03160121,0.1126105	air_hook_r	0,0,0	-11.91436,49.69536,-313.9604	True	False
-2.641646,29.63863,-266.5876	-0.3434981,0.9323153,0.03260482,0.1083244	air_hook_r	0,0,0	-11.91436,49.69536,-313.9604	True	False
-2.277164,30.1638,-265.2664	-0.3436044,0.932687,0.03353385,0.1044338	air_hook_r	0,0,0	-11.91436,49.69536,-313.9604	True	False
-1.912186,30.68568,-263.9435	-0.3436898,0.9330134,0.03439494,0.1008982	air_hook_r	0,0,0	-11.91436,49.69536,-313.9604	True	False
-1.54671,31.20428,-262.6187	-0.3437575,0.933301,0.03519411,0.09768109	air_hook_r	0,0,0	-11.91436,49.69536,-313.9604	True	False
-1.180737,31.71957,-261.2922	-0.3438103,0.9335552,0.03593684,0.09475014	air_hook_r	0,0,0	-11.91436,49.69536,-313.9604	True	False
-0.8142649,32.23158,-259.9639	-0.3438508,0.933781,0.0366281,0.09207623	air_hook_r	0,0,0	-11.91436,49.69536,-313.9604	True	False
-0.5889078,33.637,-259.6039	-0.3438809,0.9339821,0.03727241,0.08963342	air_hook_r	0,0,0	-11.91436,49.69536,-313.9604	True	False
-0.3586486,35.0432,-259.267	-0.3438383,0.9343116,0.0384737,0.08577287	air_hook_r	0,0,0	-11.91436,49.69536,-313.9604	True	False
-0.1390629,36.46044,-258.9813	-0.3437904,0.9346012,0.03957102,0.08223632	air_hook_r	0,0,0	-11.91436,49.69536,-313.9604	True	False
0.08528888,37.87762,-258.719	-0.3437156,0.934904,0.04076708,0.07843636	air_rise	0,0,0	-11.91436,49.69536,-313.9604	True	False
0.2987302,39.30301,-258.5075	-0.343639,0.9351699,0.04186137,0.07494803	air_rise	0,0,0	-11.91436,49.69536,-313.9604	True	False
0.5168048,40.7275,-258.3195	-0.3435274,0.9354633,0.0431378,0.07096787	air_rise	0,0,0	-11.91436,49.69536,-313.9604	True	False
0.723748,42.15742,-258.1821	-0.3434175,0.9357191,0.04430459,0.06731512	air_rise	0,0,0	-11.91436,49.69536,-313.9604	True	False
0.9351952,43.5856,-258.0682	-0.3432575,0.9360178,0.04577092,0.06284951	air_rise	0,0,0	-11.91436,49.69536,-313.9604	True	False
1.135305,45.01654,-258.0043	-0.3431032,0.9362736,0.04710675,0.05876291	air_rise	0,0,0	-11.91436,49.69536,-313.9604	True	False
1.339793,46.44487,-257.9641	-0.342875,0.9365842,0.04889588,0.05344214	air_rise	0,0,0	-11.91436,49.69536,-313.9604	True	False
1.53275,47.87336,-257.9734	-0.3426571,0.9368418,0.05051777,0.04859552	air_rise	0,0,0	-11.91436,49.69536,-313.9604	True	False
1.729965,49.2984,-258.0063	-0.3420389,0.9372592,0.05272261,0.04213076	air_rise	0,0,0	-11.91436,49.69536,-313.9604	True	False
1.915467,50.72106,-258.088	-0.3417467,0.937496,0.05471374,0.03628913	air_rise	0,0,0	-11.91436,49.69536,-313.9604	True	False
2.105109,52.13542,-258.1934	-0.3364728,0.9395257,0.05713499,0.02851645	air_rise	0,0,0	-11.91436,49.69536,-313.9604	True	False
2.282964,53.54098,-258.3464	-0.01296779,-0.986817,-0.1032243,0.1239711	attack1_hook_l1	0,0,0	-11.91436,49.69536,-313.9604	True	False
2.464846,54.93739,-258.5229	-0.01307168,-0.9866542,-0.1024605,0.1258751	attack1_hook_l1	0,0,0	-11.91436,49.69536,-313.9604	True	False
2.181214,55.22963,-259.8828	-0.01276451,-0.986873,-0.09957805,0.1265033	attack1_hook_l1	0,0,0	-11.91436,49.69536,-313.9604	True	False
1.901536,55.51217,-261.2662	-0.01217392,-0.9872866,-0.09443271,0.1272774	attack1_hook_l1	0,0,0	-11.91436,49.69536,-313.9604	True	False
1.625794,55.78489,-262.6731	-0.01160455,-0.9876441,-0.08941721,0.1281762	attack1_hook_l1	0,0,0	-11.91436,49.69536,-313.9604	True	False
1.353961,56.04764,-264.1035	-0.01105363,-0.987947,-0.08451563,0.1292116	attack1_hook_l1	0,0,0	-11.91436,49.69536,-313.9604	True	False
1.086011,56.30029,-265.5573	-0.01051989,-0.9881954,-0.07972363,0.1303968	attack1_hook_l1	0,0,0	-11.91436,49.69536,-313.9604	True	False
0.821909,56.54269,-267.0345	-0.01000203,-0.9883887,-0.07503673,0.1317474	attack1_hook_l1	0,0,0	-11.91436,49.69536,-313.9604	True	False
0.5616182,56.7747,-268.5351	-0.009498656,-0.9885256,-0.07045023,0.1332808	attack1_hook_l1	0,0,0	-11.91436,49.69536,-313.9604	True	False
0.3050949,56.99614,-270.0591	-0.009008367,-0.9886043,-0.06595969,0.1350175	attack1_hook_l1	0,0,0	-11.91436,49.69536,-313.9604	True	False
0.05228966,57.20687,-271.6064	-0.008529658,-0.9886222,-0.06156055,0.1369807	attack1_hook_l1	0,0,0	-11.91436,49.69536,-313.9604	True	False
-0.1968837,57.4067,-273.1769	-0.008060829,-0.9885756,-0.05724753,0.1391979	attack1_hook_l1	0,0,0	-11.91436,49.69536,-313.9604	True	False
-0.4425496,57.59545,-274.7708	-0.007600106,-0.9884596,-0.05301592,0.1417008	attack1_hook_l1	0,0,0	-11.91436,49.69536,-313.9604	True	False
-0.6849664,57.77294,-276.3881	-0.00714529,-0.9882682,-0.04885957,0.1445257	attack1_hook_l1	0,0,0	-11.91436,49.69536,-313.9604	True	False
-0.924246,57.93895,-278.0289	-0.006694993,-0.9879927,-0.04477867,0.1477178	attack1_hook_l1	0,0,0	-11.91436,49.69536,-313.9604	True	False
-1.160478,58.09328,-279.6931	-0.006247085,-0.9876223,-0.04076998,0.1513309	attack1_hook_l1	0,0,0	-11.91436,49.69536,-313.9604	True	False
-1.393764,58.23569,-281.3805	-0.00579906,-0.987143,-0.03682986,0.155431	attack1_hook_l1	0,0,0	-11.91436,49.69536,-313.9604	True	False
-1.624216,58.36594,-283.0911	-0.005348067,-0.9865363,-0.03295508,0.1600986	attack1_hook_l1	0,0,0	-11.91436,49.69536,-313.9604	True	False
-1.851963,58.48376,-284.8248	-0.004890706,-0.9857784,-0.02914277,0.1654322	attack1_hook_l1	0,0,0	-11.91436,49.69536,-313.9604	True	False
-2.084641,58.58886,-286.5849	-0.004422133,-0.9848542,-0.02540089,0.1714569	attack1_hook_l1	0,0,0	-11.91436,49.69536,-313.9604	True	False
-2.322407,58.68093,-288.3713	-0.003937073,-0.9837259,-0.02172004,0.1783146	attack1_hook_l1	0,0,0	-11.91436,49.69536,-313.9604	True	False
-2.565438,58.75963,-290.1837	-0.003430328,-0.9823412,-0.01809853,0.1861893	attack1_hook_l1	0,0,0	-11.91436,49.69536,-313.9604	True	False
-2.813931,58.82457,-292.0221	-0.002895375,-0.9806271,-0.01453639,0.1953225	attack1_hook_l1	0,0,0	-11.91436,49.69536,-313.9604	True	False
-3.068107,58.87534,-293.8861	-0.002323878,-0.9784793,-0.01103623,0.2060366	attack1_hook_l1	0,0,0	-11.91436,49.69536,-313.9604	True	False
-3.328211,58.91147,-295.7754	-0.001705079,-0.9757449,-0.007604822,0.2187721	attack1_hook_l1	0,0,0	-11.91436,49.69536,-313.9604	True	False
-3.594522,58.93243,-297.6896	-0.001024904,-0.9721926,-0.004255557,0.2341419	attack1_hook_l1	0,0,0	-11.91436,49.69536,-313.9604	True	False
-3.867352,58.93764,-299.6283	-0.0002648751,-0.9674599,-0.00101278,0.2530223	attack1_hook_l1	0,0,0	-11.91436,49.69536,-313.9604	True	False
-4.147053,58.92641,-301.5909	0.0005991025,-0.960955,0.002080657,0.2766965	attack1_hook_l1	0,0,0	-11.91436,49.69536,-313.9604	True	False
-4.434017,58.89798,-303.5765	0.001597267,-0.9516664,0.00494991,0.3070895	attack1_hook_l1	0,0,0	-11.91436,49.69536,-313.9604	True	False
-4.728674,58.85152,-305.5843	0.001597267,-0.9516664,0.00494991,0.3070895	air_hook_r	0,0,0	-11.91436,49.69536,-313.9604	True	False
-5.031482,58.78606,-307.6129	0.001597267,-0.9516664,0.00494991,0.3070895	air_hook_r	0,0,0	0,0,0	True	False
-5.342892,58.70063,-309.6607	0.02839708,-0.9515452,-0.01560623,0.3057969	air2	0,0,0	0,0,0	True	False
-5.653831,58.60719,-311.7193	0.02513679,-0.9629766,-0.01381446,0.2680549	air2	0,0,0	0,0,0	True	False
-5.964298,58.50575,-313.7887	0.02222175,-0.971824,-0.01221244,0.2343395	air2	0,0,0	0,0,0	True	False
-6.274295,58.39632,-315.8688	0.01962473,-0.9786469,-0.01078519,0.2043255	air2	0,0,0	0,0,0	True	False
-6.58382,58.27888,-317.9597	0.01731745,-0.9838903,-0.009517176,0.177678	air2	0,0,0	0,0,0	True	False
-6.892875,58.15345,-320.0615	0.015272,-0.9879065,-0.008393055,0.1540681	air2	0,0,0	0,0,0	True	False
-7.201458,58.02001,-322.174	0.01346168,-0.9909725,-0.007398156,0.133183	air2	0,0,0	0,0,0	True	False
-7.50957,57.87857,-324.2973	0.01186153,-0.9933045,-0.00651876,0.1147308	air2	0,0,0	0,0,0	True	False
-7.817211,57.72914,-326.4314	0.01044856,-0.9950712,-0.005742232,0.09844337	air2	0,0,0	0,0,0	True	False
-8.124381,57.5717,-328.5763	0.009201847,-0.9964039,-0.005057071,0.08407731	air2	0,0,0	0,0,0	True	False
-8.43108,57.40627,-330.732	0.008102476,-0.997404,-0.004452888,0.07141298	air2	0,0,0	0,0,0	True	False
-8.737308,57.23283,-332.8985	0.007133487,-0.9981499,-0.00392036,0.06025356	air2	0,0,0	0,0,0	True	False
-9.043064,57.0514,-335.0757	0.006279725,-0.9987022,-0.003451157,0.05042344	air2	0,0,0	0,0,0	True	False
-9.34835,56.86196,-337.2638	0.005527696,-0.9991075,-0.003037864,0.04176645	air2	0,0,0	0,0,0	True	False
-9.653164,56.66452,-339.4626	0.004865421,-0.9994015,-0.002673896,0.03414402	air2	0,0,0	0,0,0	True	False
-9.957507,56.45909,-341.6722	0.004282286,-0.9996117,-0.002353422,0.02743351	air2	0,0,0	0,0,0	True	False
-10.26138,56.24565,-343.8927	0.003768899,-0.9997591,-0.002071279,0.02152647	air2	0,0,0	0,0,0	True	False
-10.56478,56.02422,-346.1239	0.003316964,-0.9998596,-0.001822908,0.01632712	air2	0,0,0	0,0,0	True	False
-10.86771,55.79478,-348.3659	0.002919154,-0.9999254,-0.001604284,0.01175096	air2	0,0,0	0,0,0	True	False
-11.17017,55.55735,-350.6187	0.00256901,-0.9999659,-0.001411855,0.007723504	air2	0,0,0	0,0,0	True	False
-11.47216,55.31191,-352.8822	0.002260834,-0.999988,-0.00124249,0.00417907	air2	0,0,0	0,0,0	True	False
