-3999.452,9.98,-5415.595	0,-0.9966593,0,-0.08167131	stand_levi	0,0,0	0,0,0	False	False
-3999.452,9.98,-5415.595	0,-0.9966593,0,-0.0816711	stand_levi	0,0,0	0,0,0	False	False
-3999.452,9.98,-5415.595	0,-0.9966594,0,-0.08167095	stand_levi	0,0,0	0,0,0	False	False
-3999.452,9.98,-5415.595	0,-0.9966594,0,-0.08167081	stand_levi	0,0,0	0,0,0	False	False
-3999.452,9.98,-5415.595	0,-0.9966594,0,-0.08167071	stand_levi	0,0,0	0,0,0	False	False
-3999.452,9.98,-5415.595	0,-0.9966594,0,-0.08167063	stand_levi	0,0,0	0,0,0	False	False
-3999.452,9.98,-5415.595	0,-0.9966594,0,-0.08167056	stand_levi	0,0,0	0,0,0	False	False
-3999.452,9.98,-5415.595	0,-0.9966594,0,-0.08167051	stand_levi	0,0,0	0,0,0	False	False
-3999.452,9.98,-5415.595	0,-0.9966594,0,-0.08167046	stand_levi	0,0,0	0,0,0	False	False
-3999.452,9.98,-5415.595	0,-0.9966594,0,-0.08167043	stand_levi	0,0,0	0,0,0	False	False
-3999.452,9.98,-5415.595	0,-0.9966594,0,-0.0816704	stand_levi	0,0,0	0,0,0	False	False
-3999.452,9.98,-5415.595	0,-0.9966594,0,-0.08167037	stand_levi	0,0,0	0,0,0	False	False
-3999.452,9.98,-5415.595	0,-0.9966594,0,-0.08167036	stand_levi	0,0,0	0,0,0	False	False
-3999.452,9.98,-5415.595	0,-0.9966594,0,-0.08167034	stand_levi	0,0,0	0,0,0	False	False
-3999.452,9.98,-5415.595	0,-0.9966594,0,-0.08167033	stand_levi	0,0,0	0,0,0	False	False
-3999.452,9.98,-5415.595	0,-0.9966594,0,-0.08167032	stand_levi	0,0,0	0,0,0	False	False
-3999.452,9.98,-5415.595	0,-0.9966594,0,-0.08167031	stand_levi	0,0,0	0,0,0	False	False
-3999.452,9.98,-5415.595	0,-0.9966594,0,-0.08167031	stand_levi	0,0,0	0,0,0	False	False
-3999.452,9.98,-5415.595	0,-0.9966594,0,-0.0816703	stand_levi	0,0,0	0,0,0	False	False
-3999.452,9.98,-5415.595	0,-0.9966594,0,-0.0816703	stand_levi	0,0,0	0,0,0	False	False
-3999.452,9.98,-5415.595	0,-0.9966594,0,-0.0816703	stand_levi	0,0,0	0,0,0	False	False
-3999.452,9.98,-5415.595	0,-0.9966594,0,-0.0816703	stand_levi	0,0,0	0,0,0	False	False
-3999.452,9.98,-5415.595	0,-0.9966594,0,-0.0816703	stand_levi	0,0,0	0,0,0	False	False
-3999.452,9.98,-5415.595	0,-0.9966594,0,-0.0816703	stand_levi	0,0,0	0,0,0	False	False
-3999.452,9.98,-5415.595	0,-0.9966594,0,-0.0816703	stand_levi	0,0,0	0,0,0	False	False
-3999.452,9.98,-5415.595	0,-0.9966594,0,-0.0816703	stand_levi	0,0,0	0,0,0	False	False
-3999.452,9.98,-5415.595	0,-0.9966594,0,-0.0816703	stand_levi	0,0,0	0,0,0	False	False
-3999.452,9.98,-5415.595	0,-0.9966594,0,-0.0816703	stand_levi	0,0,0	0,0,0	False	False
-3999.452,9.98,-5415.595	0,-0.9966594,0,-0.0816703	stand_levi	0,0,0	0,0,0	False	False
-3999.452,9.98,-5415.595	0,-0.9966594,0,-0.0816703	run	0,0,0	0,0,0	False	False
-3999.635,9.98,-5415.625	0,-0.9977332,0,0.06729396	run	0,0,0	0,0,0	False	False
-3999.817,9.98,-5415.656	0,-0.9819278,0,0.1892558	run	0,0,0	0,0,0	False	False
-4000,9.98,-5415.686	0,-0.9579973,0,0.2867776	run	0,0,0	0,0,0	False	False
-4000.183,9.98,-5415.716	0,-0.9314996,0,0.3637424	run	0,0,0	0,0,0	False	False
-4000.365,9.98,-5415.747	0,-0.9056152,0,0.4241004	run	0,0,0	0,0,0	False	False
-4000.548,9.98,-5415.777	0,-0.8819556,0,0.4713325	stand_levi	0,0,0	0,0,0	False	False
-4000.548,9.98,-5415.777	0,-0.861178,0,0.5083035	stand_levi	0,0,0	0,0,0	False	False
-4000.548,9.98,-5415.777	0,-0.8433984,0,0.5372887	stand_levi	0,0,0	0,0,0	False	False
-4000.548,9.98,-5415.777	0,-0.82845,0,0.5600632	stand_levi	0,0,0	0,0,0	False	False
-4000.548,9.98,-5415.777	0,-0.8160365,0,0.5780004	stand_levi	0,0,0	0,0,0	False	False
-4000.548,9.98,-5415.777	0,-0.8058199,0,0.5921608	stand_levi	0,0,0	0,0,0	False	False
-4000.548,9.98,-5415.777	0,-0.7974663,0,0.6033635	stand_levi	0,0,0	0,0,0	False	False
-4000.548,9.98,-5415.777	0,-0.7906697,0,0.612243	stand_levi	0,0,0	0,0,0	False	False
-4000.548,9.98,-5415.777	0,-0.7851603,0,0.6192926	stand_levi	0,0,0	0,0,0	False	False
-4000.548,9.98,-5415.777	0,-0.7807071,0,0.6248972	stand_levi	0,0,0	0,0,0	False	False
-4000.548,9.98,-5415.777	0,-0.7771155,0,0.6293581	stand_levi	0,0,0	0,0,0	False	False
-4000.548,9.98,-5415.777	0,-0.7742237,0,0.632912	stand_levi	0,0,0	0,0,0	False	False
-4000.548,9.98,-5415.777	0,-0.7718986,0,0.6357458	stand_levi	0,0,0	0,0,0	False	False
-4000.548,9.98,-5415.777	0,-0.7700309,0,0.6380066	stand_levi	0,0,0	0,0,0	False	False
-4000.548,9.98,-5415.777	0,-0.768532,0,0.6398114	stand_levi	0,0,0	0,0,0	False	False
-4000.548,9.98,-5415.777	0,-0.7673298,0,0.6412527	stand_levi	0,0,0	0,0,0	False	False
-4000.548,9.98,-5415.777	0,-0.7663661,0,0.6424041	stand_levi	0,0,0	0,0,0	False	False
-4000.548,9.98,-5415.777	0,-0.7655939,0,0.6433241	run	0,0,0	0,0,0	False	False
-4000.518,9.98,-5415.959	0,-0.8522427,0,0.5231466	run	0,0,0	0,0,0	False	False
-4000.491,9.98,-5416.143	0,-0.9090601,0,0.416665	run	0,0,0	0,0,0	False	False
-4000.466,9.98,-5416.326	0,-0.9453635,0,0.3260184	run	0,0,0	0,0,0	False	False
-4000.44,9.98,-5416.51	0,-0.9681723,0,0.2502846	jump	0,0,0	0,0,0	False	False
-4000.415,9.98,-5416.693	0,-0.9821588,0,0.1880537	jump	0,0,0	0,0,0	False	False
-4000.389,9.98,-5416.877	0,-0.9905089,0,0.1374485	jump	0,0,0	0,0,0	False	False
-4000.365,9.98,-5417.061	0,-0.995285,0,0.09699417	jump	0,0,0	0,0,0	False	False
-4000.342,9.98,-5417.244	0,-0.997865,0,0.0653105	jump	0,0,0	0,0,0	False	False
-4000.319,9.98,-5417.428	0,-0.9992044,0,0.03988298	jump	0,0,0	0,0,0	False	False
-4000.295,10.132,-5417.616	0,-0.9998097,0,0.01950538	jump	0,0,0	0,0,0	False	False
-4000.273,10.436,-5417.805	0,-0.9999934,0,0.003624393	air_rise	0,0,0	0,0,0	False	False
-4000.25,10.732,-5417.993	0,-0.999992,0,-0.004000434	air_rise	0,0,0	0,0,0	False	False
-4000.227,11.02,-5418.182	0,-0.9999427,0,-0.0107112	air_rise	0,0,0	0,0,0	False	False
-4000.205,11.3,-5418.37	0,-0.999862,0,-0.01661703	air_rise	0,0,0	0,0,0	False	False
-4000.182,11.572,-5418.559	0,-0.9997621,0,-0.02181419	air_rise	0,0,0	0,0,0	False	False
-4000.159,11.836,-5418.747	0,-0.9996518,0,-0.02638756	air_rise	0,0,0	0,0,0	False	False
-4000.136,12.092,-5418.936	0,-0.9995375,0,-0.03041191	air_rise	0,0,0	0,0,0	False	False
-4000.114,12.34,-5419.124	0,-0.9994234,0,-0.03395309	wallrun	0,0,0	0,0,0	False	False
-4000.091,12.58,-5419.313	0,-0.9993128,0,-0.03706909	wallrun	0,0,0	0,0,0	False	False
-4000.091,12.762,-5419.313	0,-0.9992073,0,-0.03981094	wallrun	0,0,0	0,0,0	False	False
-4000.091,12.944,-5419.313	0,-0.9991082,0,-0.04222357	wallrun	0,0,0	0,0,0	False	False
-4000.091,13.126,-5419.313	0,-0.9990162,0,-0.04434653	wallrun	0,0,0	0,0,0	False	False
-4000.091,13.308,-5419.313	0,-0.9989315,0,-0.04621458	wallrun	0,0,0	0,0,0	False	False
-4000.091,13.49,-5419.313	0,-0.9988542,0,-0.04785835	wallrun	0,0,0	0,0,0	False	False
-4000.091,13.672,-5419.313	0,-0.9987838,0,-0.04930478	wallrun	0,0,0	0,0,0	False	False
-4000.091,13.854,-5419.313	0,-0.9987202,0,-0.05057755	wallrun	0,0,0	0,0,0	False	False
-4000.091,14.036,-5419.313	0,-0.9986628,0,-0.05169753	wallrun	0,0,0	0,0,0	False	False
-4000.091,14.218,-5419.313	0,-0.9986113,0,-0.05268307	dodge	0,0,0	0,0,0	False	False
-4000.124,14.4,-5418.998	0,-0.9985651,0,-0.05355029	dodge	0,0,0	0,0,0	True	False
-4000.157,14.574,-5418.683	0,-0.998524,0,-0.05431342	dodge	0,0,0	0,0,0	True	False
-4000.191,14.74,-5418.368	0,-0.9984872,0,-0.05498495	dodge	0,0,0	0,0,0	True	False
-4000.224,14.898,-5418.053	0,0.02067243,0,-0.9997863	air_rise	0,0,0	0,0,0	True	False
-4000.291,15.048,-5416.927	0,0.02067243,0,-0.9997863	air2	0,0,0	0,0,0	True	False
-4000.358,15.19,-5415.789	0,0.0204107,0,-0.9997917	air2	0,0,0	0,0,0	True	False
-4000.426,15.324,-5414.638	0,0.02018038,0,-0.9997964	air2	0,0,0	0,0,0	True	False
-4000.494,15.45,-5413.476	0,0.0199777,0,-0.9998004	air2	0,0,0	0,0,0	True	False
-4000.563,15.568,-5412.302	0,0.01979933,0,-0.999804	air2	0,0,0	0,0,0	True	False
-4000.632,15.678,-5411.116	0,0.01964237,0,-0.9998071	air2	0,0,0	0,0,0	True	False
-4000.701,15.78,-5409.917	0,0.01950425,0,-0.9998098	air2	0,0,0	0,0,0	True	False
-4000.771,15.874,-5408.708	0,0.0193827,0,-0.9998121	air2	0,0,0	0,0,0	True	False
-4000.841,15.96,-5407.485	0,0.01927573,0,-0.9998142	air2	0,0,0	0,0,0	True	False
-4000.912,16.038,-5406.251	0,0.0191816,0,-0.999816	air2	0,0,0	0,0,0	True	False
-4000.983,16.108,-5405.005	0,0.01909877,0,-0.9998176	air2	0,0,0	0,0,0	True	False
-4001.055,16.17,-5403.747	0,0.01902588,0,-0.999819	air2	0,0,0	0,0,0	True	False
-4001.127,16.224,-5402.477	0,0.01869996,0,-0.9998251	air2	0,0,0	0,0,0	True	False
-4001.199,16.27,-5401.194	0,0.01815142,0,-0.9998353	air2	0,0,0	0,0,0	True	False
-4001.272,16.308,-5399.9	0,0.01714516,0,-0.999853	air2	0,0,0	0,0,0	True	False
-4001.345,16.338,-5398.594	0,0.01625963,0,-0.9998679	air2	0,0,0	0,0,0	True	False
-4001.418,16.36,-5397.276	0,0.01548036,0,-0.9998802	air2	0,0,0	0,0,0	True	False
-4001.491,16.374,-5395.946	0,0.01453284,0,-0.9998944	air2	0,0,0	0,0,0	True	False
-4001.564,16.38,-5394.604	0,0.01343722,0,-0.9999098	air2	0,0,0	0,0,0	True	False
-4001.637,16.378,-5393.25	0,0.01247306,0,-0.9999222	air2	0,0,0	0,0,0	True	False
-4001.71,16.368,-5391.883	0,0.0113628,0,-0.9999354	air2	0,0,0	0,0,0	True	False
-4001.784,16.35,-5390.505	0,0.01038576,0,-0.9999461	air2	0,0,0	0,0,0	True	False
-4001.857,16.324,-5389.115	0,0.009264182,0,-0.9999571	air2	0,0,0	0,0,0	True	False
-4001.93,16.29,-5387.713	0,0.008277183,0,-0.9999658	air2	0,0,0	0,0,0	True	False
-4002.004,16.248,-5386.299	0,0.007408615,0,-0.9999726	air2	0,0,0	0,0,0	True	False
-4002.077,16.198,-5384.873	0,0.006644268,0,-0.9999779	air2	0,0,0	0,0,0	True	False
-4002.151,16.14,-5383.435	0,0.005971638,0,-0.9999822	air2	0,0,0	0,0,0	True	False
-4002.224,16.074,-5381.984	0,0.005379722,0,-0.9999855	air2	0,0,0	0,0,0	True	False
-4002.298,16,-5380.522	0,0.004858833,0,-0.9999882	air2	0,0,0	0,0,0	True	False
-4002.371,15.918,-5379.048	0,0.004400449,0,-0.9999903	air2	0,0,0	0,0,0	True	False
-4002.445,15.828,-5377.562	0,0.00399707,0,-0.999992	air2	0,0,0	0,0,0	True	False
-4002.518,15.73,-5376.064	0,0.003642096,0,-0.9999934	air2	0,0,0	0,0,0	True	False
-4002.592,15.624,-5374.554	0,0.003329719,0,-0.9999945	air2	0,0,0	0,0,0	True	False
-4002.666,15.51,-5373.032	0,0.003054827,0,-0.9999954	air2	0,0,0	0,0,0	True	False
-4002.739,15.388,-5371.498	0,0.002812921,0,-0.9999961	air2	0,0,0	0,0,0	True	False
-4002.813,15.258,-5369.952	0,0.002600044,0,-0.9999967	air2	0,0,0	0,0,0	True	False
-4002.887,15.12,-5368.394	0,0.002412712,0,-0.9999971	air2	0,0,0	0,0,0	True	False
-4002.96,14.974,-5366.823	0,0.002247859,0,-0.9999975	air2	0,0,0	0,0,0	True	False
-4003.034,14.82,-5365.241	0,0.002102789,0,-0.9999978	air2	0,0,0	0,0,0	True	False
-4003.108,14.658,-5363.647	0,0.001975128,0,-0.9999981	air2	0,0,0	0,0,0	True	False
-4003.182,14.488,-5362.041	0,0.001862785,0,-0.9999983	air2	0,0,0	0,0,0	True	False
-4003.255,14.31,-5360.423	0,0.001763924,0,-0.9999985	air2	0,0,0	0,0,0	True	False
-4003.329,14.124,-5358.793	0,0.001676926,0,-0.9999986	air2	0,0,0	0,0,0	True	False
-4003.403,13.93,-5357.151	0,0.001600368,0,-0.9999987	air2	0,0,0	0,0,0	True	False
-4003.477,13.728,-5355.497	0,0.001532997,0,-0.9999989	air2	0,0,0	0,0,0	True	False
-4003.551,13.518,-5353.831	0,0.00147371,0,-0.9999989	air2	0,0,0	0,0,0	True	False
-4003.625,13.3,-5352.152	0,0.001159739,0,-0.9999993	air2	0,0,0	0,0,0	True	False
-4003.698,13.074,-5350.462	0,0.0006216387,0,-0.9999998	air2	0,0,0	0,0,0	True	False
-4003.772,12.84,-5348.76	0,0.0001481099,0,-1	air2	0,0,0	0,0,0	True	False
-4003.846,12.598,-5347.046	0,-0.0002685957,0,-1	air2	0,0,0	0,0,0	True	False
-4003.919,12.348,-5345.32	0,-0.0006352967,0,-0.9999998	air2	0,0,0	0,0,0	True	False
-4003.993,12.09,-5343.582	0,-0.0009579938,0,-0.9999996	air2	0,0,0	0,0,0	True	False
-4004.066,11.824,-5341.832	0,-0.001241971,0,-0.9999992	air2	0,0,0	0,0,0	True	False
-4004.139,11.55,-5340.069	0,-0.001753691,0,-0.9999985	air2	0,0,0	0,0,0	True	False
-4004.212,11.268,-5338.295	0,-0.002204023,0,-0.9999976	air2	0,0,0	0,0,0	True	False
-4004.285,10.978,-5336.509	0,-0.00286213,0,-0.9999959	air2	0,0,0	0,0,0	True	False
-4004.357,10.68,-5334.711	0,-0.003703078,0,-0.9999931	air2	0,0,0	0,0,0	True	False
-4004.43,10.374,-5332.901	0,-0.00444312,0,-0.9999902	air2	0,0,0	0,0,0	True	False
-4004.501,10.06,-5331.079	0,-0.005356163,0,-0.9999857	slide	0,0,0	0,0,0	False	False
-4004.573,9.738003,-5329.275	0,-0.0003417464,0,-0.9999999	slide	0,0,0	0,0,0	True	False
-4004.631,9.931601,-5327.773	0,0.002065228,0,-0.9999979	slide	0,0,0	0,0,0	False	False
-4004.693,9.97032,-5326.199	0,0.0055536,0,-0.9999846	slide	0,0,0	0,0,0	False	False
-4004.754,9.978064,-5324.627	0,0.008344292,0,-0.9999652	slide	0,0,0	0,0,0	False	False
-4004.815,9.979612,-5323.073	0,0.01057682,0,-0.9999441	slide	0,0,0	0,0,0	False	False
-4004.875,9.979922,-5321.538	0,0.01236282,0,-0.9999236	slide	0,0,0	0,0,0	False	False
-4004.934,9.979984,-5320.022	0,0.01379159,0,-0.9999049	slide	0,0,0	0,0,0	False	False
-4004.992,9.979997,-5318.527	0,0.009683468,0,0.9999532	air_hook_r_just	0,0,0	-4003.164,43.49076,-5224.146	False	False
-4005.05,10.29654,-5317.03	0,0.009683468,0,0.9999532	air_hook_r_just	0,0,0	-4003.164,43.49076,-5224.146	False	False
-4005.106,10.61506,-5315.504	0,0.009683468,0,0.9999532	air_hook_r_just	0,0,0	-4003.164,43.49076,-5224.146	True	False
-4005.163,10.9356,-5313.95	-0.008064947,0.008499301,-0.0132295,0.9998439	air_hook_r_just	0,0,0	-4003.164,43.49076,-5224.146	True	False
-4005.218,11.2582,-5312.367	-0.01531995,0.007496035,-0.02487827,0.999545	air_hook_r_just	0,0,0	-4003.164,43.49076,-5224.146	True	False
-4005.273,11.58289,-5310.755	-0.02186016,0.006654262,-0.03513086,0.9991215	air_hook_r_just	0,0,0	-4003.164,43.49076,-5224.146	True	False
-4005.327,11.90973,-5309.114	-0.02777024,0.005956816,-0.04415118,0.998621	air_hook_r_just	0,0,0	-4003.164,43.49076,-5224.146	True	False
-4005.38,12.23877,-5307.445	-0.03312534,0.005388759,-0.05208435,0.9980786	air_hook_r_just	0,0,0	-4003.164,43.49076,-5224.146	True	False
-4005.433,12.57004,-5305.747	-0.03799191,0.004937116,-0.05905807,0.9975191	air_hook_r_just	0,0,0	-4003.164,43.49076,-5224.146	True	False
-4005.485,12.90362,-5304.021	-0.04242867,0.004590217,-0.06518541,0.9969602	air_hook_r_just	0,0,0	-4003.164,43.49076,-5224.146	True	False
-4005.536,13.23955,-5302.266	-0.04648744,0.004338113,-0.07056601,0.9964138	air_hook_r_just	0,0,0	-4003.164,43.49076,-5224.146	True	False
-4005.586,13.57789,-5300.482	-0.0502139,0.004172282,-0.07528752,0.9958881	air_hook_r_just	0,0,0	-4003.164,43.49076,-5224.146	True	False
-4005.635,13.91872,-5298.67	-0.05364832,0.004085473,-0.07942692,0.9953876	air_hook_r_just	0,0,0	-4003.164,43.49076,-5224.146	True	False
-4005.684,14.26211,-5296.829	-0.05682614,0.004071448,-0.08305179,0.9949154	air_hook_r_just	0,0,0	-4003.164,43.49076,-5224.146	True	False
-4005.731,14.60812,-5294.96	-0.05977856,0.004124787,-0.08622234,0.9944724	air_hook_r_just	0,0,0	-4003.164,43.49076,-5224.146	True	False
-4005.779,14.95684,-5293.063	-0.06253307,0.00424134,-0.08899081,0.9940585	air_hook_r_just	0,0,0	-4003.164,43.49076,-5224.146	True	False
-4005.825,15.30836,-5291.136	-0.0651139,0.004418086,-0.09140252,0.9936731	air_hook_r_just	0,0,0	0,0,0	True	False
-4005.87,15.65877,-5289.182	-0.06754235,0.004652861,-0.09349704,0.993315	air_hook_r_just	0,0,0	0,0,0	True	False
-4005.915,16.00118,-5287.215	-0.05947923,0.005020429,-0.08233548,0.9948155	air_hook_r_just	0,0,0	0,0,0	True	False
-4005.96,16.33559,-5285.237	-0.05237035,0.00534327,-0.07249486,0.9959786	air_hook_r_just	0,0,0	0,0,0	True	False
-4006.005,16.662,-5283.247	-0.04610544,0.00562683,-0.06382251,0.9968798	air_hook_r_just	0,0,0	0,0,0	True	False
-4006.05,16.98041,-5281.244	-0.0405861,0.005875909,-0.05618224,0.997578	air_hook_r_just	0,0,0	0,0,0	True	False
-4006.094,17.29082,-5279.229	0,0.0317806,0,0.9994949	air_hook_l_just	-4002.605,42.74884,-5224.424	0,0,0	True	False
-4006.137,17.84619,-5277.187	0,0.0317806,0,0.9994949	air_hook_l_just	-4002.605,42.74884,-5224.424	0,0,0	True	False
-4006.179,18.40513,-5275.116	0,0.0317806,0,0.9994949	air_hook_l_just	-4002.605,42.74884,-5224.424	0,0,0	True	False
-4006.22,18.96775,-5273.018	-0.1095052,0.03689347,0.004067308,0.993293	attack1_hook_r2	-4002.605,42.74884,-5224.424	0,0,0	True	False
-4006.26,19.53417,-5270.891	-0.1215546,0.03893681,0.004772036,0.9918092	attack1_hook_r2	-4002.605,42.74884,-5224.424	0,0,0	True	False
-4006.297,20.10452,-5268.737	-0.1212176,0.04124261,0.005040886,0.991756	attack1_hook_r2	-4002.605,42.74884,-5224.424	0,0,0	True	False
-4006.334,20.67894,-5266.555	-0.1202659,0.04379671,0.00531101,0.991761	attack1_hook_r2	-4002.605,42.74884,-5224.424	0,0,0	True	False
-4006.369,21.25757,-5264.345	-0.1193111,0.0466411,0.005611122,0.9917449	attack1_hook_r2	-4002.605,42.74884,-5224.424	0,0,0	True	False
-4006.402,21.84061,-5262.107	-0.1183642,0.0498284,0.005947251,0.9917014	attack1_hook_r2	-4002.605,42.74884,-5224.424	0,0,0	True	False
-4006.433,22.42824,-5259.842	-0.1174195,0.05343048,0.006326775,0.9916239	attack1_hook_r2	-4002.605,42.74884,-5224.424	0,0,0	True	False
-4006.463,23.02068,-5257.55	-0.116468,0.05753529,0.006758443,0.9915035	attack1_hook_r2	-4002.605,42.74884,-5224.424	0,0,0	True	False
-4006.49,23.61816,-5255.23	-0.1154987,0.06226234,0.007254126,0.9913278	attack1_hook_r2	-4002.605,42.74884,-5224.424	0,0,0	True	False
-4006.516,24.22098,-5252.884	-0.1144953,0.06777409,0.007829666,0.9910783	attack1_hook_r2	-4002.605,42.74884,-5224.424	0,0,0	True	False
-4006.54,24.82943,-5250.511	-0.113435,0.07428561,0.008505455,0.990728	attack1_hook_r2	-4002.605,42.74884,-5224.424	0,0,0	True	False
-4006.561,25.44387,-5248.111	-0.1122864,0.08210428,0.00931011,0.9902343	attack1_hook_r2	-4002.605,42.74884,-5224.424	0,0,0	True	False
-4006.579,26.0647,-5245.685	-0.1109995,0.09167985,0.0102841,0.9895293	attack1_hook_r2	-4002.605,42.74884,-5224.424	0,0,0	True	False
-4006.595,26.69239,-5243.233	-0.1095005,0.1036821,0.01148535,0.9884977	attack1_hook_r2	-4002.605,42.74884,-5224.424	0,0,0	True	False
-4006.608,27.32748,-5240.756	-0.1076704,0.1191726,0.01300125,0.9869326	attack1_hook_r2	-4002.605,42.74884,-5224.424	0,0,0	True	False
-4006.618,27.97058,-5238.254	-0.105311,0.1399241,0.01496858,0.9844322	attack1_hook_r2	-4002.605,42.74884,-5224.424	0,0,0	True	False
-4006.625,28.62241,-5235.728	-0.102067,0.1690715,0.01760617,0.9801465	attack1_hook_r2	-4002.605,42.74884,-5224.424	0,0,0	True	False
-4006.628,29.2838,-5233.179	-0.102067,0.1690715,0.01760617,0.9801465	attack1_hook_r2	0,0,0	0,0,0	True	False
-4006.627,29.95164,-5230.609	-0.102067,0.1690715,0.01760617,0.9801465	attack1_hook_r2	0,0,0	0,0,0	True	False
-4006.627,30.61149,-5228.027	-0.1019445,0.1476163,0.01537777,0.9836566	attack1_hook_r2	0,0,0	0,0,0	True	False
-4006.626,31.26333,-5225.433	-0.1018296,0.1283954,0.01338199,0.9863905	attack1_hook_r2	0,0,0	0,0,0	True	False
-4006.627,31.90717,-5222.827	-0.1019084,0.1114224,0.01161656,0.9884659	attack1_hook_r2	0,0,0	0,0,0	True	False
-4006.627,32.54301,-5220.208	-0.1021119,0.09644642,0.01005659,0.9900354	attack1_hook_r2	0,0,0	0,0,0	True	False
-4006.628,33.17086,-5217.579	-0.1023804,0.08324086,0.008679464,0.9912184	attack1_hook_r2	0,0,0	0,0,0	True	False
-4006.629,33.7907,-5214.937	-0.1026668,0.07160193,0.007464788,0.9921073	attack1_hook_r2	0,0,0	0,0,0	True	False
-4006.631,34.40254,-5212.282	-0.1029346,0.06134754,0.006394218,0.992774	attack1_hook_r2	0,0,0	0,0,0	True	False
-4006.633,35.00639,-5209.616	-0.1031558,0.0523155,0.00545134,0.9932735	attack1_hook_r2	0,0,0	0,0,0	True	False
-4006.635,35.60223,-5206.938	-0.1033095,0.0443618,0.004621518,0.9936488	attack1_hook_r2	0,0,0	0,0,0	True	False
-4006.637,36.19007,-5204.248	-0.1033808,0.03735882,0.003891723,0.9939324	attack1_hook_r2	0,0,0	0,0,0	True	False
-4006.64,36.76992,-5201.546	-0.1033594,0.03119368,0.003250382,0.9941495	attack1_hook_r2	0,0,0	0,0,0	True	False
-4006.644,37.34176,-5198.832	-0.1032386,0.02576663,0.002687231,0.9943193	attack1_hook_r2	0,0,0	0,0,0	True	False
-4006.647,37.9056,-5196.106	-0.1030148,0.02098962,0.002193175,0.9944559	attack1_hook_r2	0,0,0	0,0,0	True	False
-4006.651,38.46144,-5193.368	-0.1026865,0.016785,0.001760164,0.9945706	attack1_hook_r2	0,0,0	0,0,0	True	False
-4006.655,39.00929,-5190.618	-0.1022538,0.01308429,0.00138108,0.9946713	attack1_hook_r2	0,0,0	0,0,0	True	False
-4006.66,39.54913,-5187.855	-0.1017178,0.009827175,0.001049634,0.9947642	attack1_hook_r2	0,0,0	0,0,0	True	False
-4006.665,40.08098,-5185.082	-0.10108,0.006960513,0.0007602791,0.9948537	air2	0,0,0	0,0,0	True	False
-4006.671,40.60482,-5182.295	-0.1003423,0.003395272,0.0004087555,0.9949471	air2	0,0,0	0,0,0	True	False
-4006.677,41.12066,-5179.498	-0.08835335,-0.0005401168,0.0003599171,0.996089	air2	0,0,0	0,0,0	True	False
-4006.685,41.6285,-5176.688	-0.07778703,-0.004266581,0.000316874,0.9969608	air2	0,0,0	0,0,0	True	False
-4006.693,42.12835,-5173.866	-0.06847718,-0.007546602,0.0002789493,0.9976242	air2	0,0,0	0,0,0	True	False
-4006.702,42.62019,-5171.032	-0.0602767,-0.01043321,0.0002455437,0.9981272	air2	0,0,0	0,0,0	True	False
-4006.711,43.10403,-5168.186	-0.05305493,-0.01297332,0.0002161251,0.9985073	air2	0,0,0	0,0,0	True	False
-4006.722,43.57988,-5165.328	-0.04669614,-0.01520836,0.0001902219,0.9987934	air2	0,0,0	0,0,0	True	False
-4006.733,44.04772,-5162.458	-0.04109792,-0.01717488,0.0001674169,0.9990075	air2	0,0,0	0,0,0	True	False
-4006.745,44.50756,-5159.577	-0.03616979,-0.01890509,0.0001473416,0.9991668	air2	0,0,0	0,0,0	True	False
-4006.758,44.95941,-5156.683	-0.03183189,-0.02042736,0.0001296707,0.9992844	air2	0,0,0	0,0,0	True	False
-4006.771,45.40326,-5153.777	-0.02801374,-0.02176668,0.0001141171,0.9993705	air2	0,0,0	0,0,0	True	False
-4006.785,45.8391,-5150.859	-0.02465324,-0.02294505,0.0001004277,0.9994327	air2	0,0,0	0,0,0	True	False
-4006.8,46.26694,-5147.93	-0.02169563,-0.02398181,8.837954E-05,0.999477	air2	0,0,0	0,0,0	True	False
-4006.816,46.68679,-5144.988	-0.01909269,-0.02489398,7.777617E-05,0.9995078	air2	0,0,0	0,0,0	True	False
-4006.832,47.09863,-5142.034	-0.01680193,-0.02569656,6.84445E-05,0.9995286	air2	0,0,0	0,0,0	True	False
-4006.849,47.50247,-5139.068	-0.01478595,-0.02640271,6.023217E-05,0.9995421	air2	0,0,0	0,0,0	True	False
-4006.867,47.89832,-5136.091	-0.0130118,-0.02702404,5.300499E-05,0.9995501	air2	0,0,0	0,0,0	True	False
-4006.886,48.28616,-5133.101	-0.0114505,-0.02757073,4.664486E-05,0.9995543	air2	0,0,0	0,0,0	True	False
-4006.906,48.666,-5130.1	-0.01007652,-0.02805176,4.10478E-05,0.9995557	air2	0,0,0	0,0,0	True	False
-4006.926,49.03785,-5127.086	-0.00886739,-0.02847502,3.612228E-05,0.9995552	air2	0,0,0	0,0,0	True	False
-4006.947,49.40169,-5124.061	-0.00780334,-0.02884745,3.178776E-05,0.9995534	air2	0,0,0	0,0,0	True	False
-4006.969,49.75753,-5121.023	-0.006866965,-0.02917516,2.797333E-05,0.9995508	air2	0,0,0	0,0,0	True	False
-4006.991,50.10538,-5117.974	-0.006042946,-0.02946352,2.46166E-05,0.9995476	air2	0,0,0	0,0,0	True	False
-4007.014,50.44522,-5114.912	-0.005317804,-0.02971726,2.166265E-05,0.9995442	air2	0,0,0	0,0,0	True	False
-4007.038,50.77707,-5111.839	-0.004679675,-0.02994054,1.906317E-05,0.9995407	air2	0,0,0	0,0,0	True	False
-4007.063,51.10091,-5108.753	-0.004118119,-0.03013701,1.677561E-05,0.9995373	air2	0,0,0	0,0,0	True	False
-4007.088,51.41676,-5105.656	-0.003623949,-0.0303099,1.476255E-05,0.999534	air2	0,0,0	0,0,0	True	False
-4007.115,51.7246,-5102.547	-0.003189078,-0.03046203,1.299105E-05,0.9995309	air2	0,0,0	0,0,0	True	False
-4007.142,52.02444,-5099.426	-0.00280639,-0.03059591,1.143214E-05,0.9995279	attack2	0,0,0	0,0,0	True	False
-4007.17,52.31629,-5096.292	-0.002469625,-0.03071371,1.006028E-05,0.9995252	attack2	0,0,0	0,0,0	True	False
-4007.198,52.60013,-5093.147	-0.007533911,-0.03081649,-0.0001604997,0.9994967	attack2	0,0,0	0,0,0	True	False
-4007.228,52.87598,-5089.99	-0.0118354,-0.03090634,-0.0003056956,0.9994522	attack2	0,0,0	0,0,0	True	False
-4007.258,53.14382,-5086.82	-0.01549721,-0.030985,-0.0004295681,0.9993997	attack2	0,0,0	0,0,0	True	False
-4007.288,53.40366,-5083.639	-0.01858886,-0.03105396,-0.000534446,0.9993447	attack2	0,0,0	0,0,0	True	False
-4007.32,53.65551,-5080.446	-0.02117288,-0.03111449,-0.0006224229,0.9992914	attack2	0,0,0	0,0,0	True	False
-4007.352,53.89935,-5077.241	-0.02330533,-0.0311677,-0.0006953728,0.9992422	attack2	0,0,0	0,0,0	True	False
-4007.385,54.13519,-5074.023	-0.02503643,-0.03121451,-0.0007549737,0.9991989	attack2	0,0,0	0,0,0	True	False
-4007.419,54.36304,-5070.794	-0.02641127,-0.03125577,-0.00080273,0.9991621	attack2	0,0,0	0,0,0	True	False
-4007.454,54.58288,-5067.553	-0.02747029,-0.03129215,-0.0008399904,0.9991324	attack2	0,0,0	0,0,0	True	False
-4007.49,54.79473,-5064.3	-0.02824984,-0.03132427,-0.000867965,0.9991096	attack2	0,0,0	0,0,0	True	False
-4007.526,54.99857,-5061.035	-0.0287825,-0.03135267,-0.0008877381,0.9990935	attack2	0,0,0	0,0,0	True	False
-4007.563,55.19441,-5057.758	-0.02909749,-0.03137779,-0.000900281,0.9990836	attack2	0,0,0	0,0,0	True	False
-4007.6,55.38226,-5054.469	-0.02922093,-0.03140004,-0.0009064614,0.9990793	attack2	0,0,0	0,0,0	True	False
-4007.638,55.5621,-5051.168	-0.02917616,-0.03141975,-0.0009070536,0.9990799	attack2	0,0,0	0,0,0	True	False
-4007.677,55.73394,-5047.855	-0.02898396,-0.03143725,-0.0009027472,0.999085	attack2	0,0,0	0,0,0	True	False
-4007.718,55.89779,-5044.531	-0.02866276,-0.03145278,-0.0008941535,0.9990938	attack2	0,0,0	0,0,0	True	False
-4007.758,56.05363,-5041.194	-0.02822895,-0.03146657,-0.0008818156,0.9991058	attack2	0,0,0	0,0,0	True	False
-4007.8,56.20148,-5037.845	-0.027697,-0.03147884,-0.0008662129,0.9991202	attack2	0,0,0	0,0,0	True	False
-4007.842,56.34132,-5034.484	-0.0270797,-0.03148976,-0.0008477694,0.9991368	attack2	0,0,0	0,0,0	True	False
-4007.885,56.47316,-5031.111	-0.02638834,-0.03149949,-0.000826859,0.999155	attack2	0,0,0	0,0,0	True	False
-4007.929,56.59701,-5027.727	-0.02563285,-0.03150815,-0.0008038109,0.9991745	attack2	0,0,0	0,0,0	True	False
-4007.973,56.71285,-5024.33	-0.024822,-0.03151587,-0.0007789151,0.9991947	attack2	0,0,0	0,0,0	True	False
-4008.018,56.8207,-5020.921	-0.02396347,-0.03152275,-0.0007524265,0.9992155	attack2	0,0,0	0,0,0	True	False
-4008.064,56.92054,-5017.5	-0.02306402,-0.0315289,-0.0007245689,0.9992365	attack2	0,0,0	0,0,0	True	False
-4008.111,57.01238,-5014.067	-0.02212973,-0.03127277,-0.0006915401,0.9992657	attack2	0,0,0	0,0,0	True	False
-4008.158,57.09623,-5010.623	-0.02116561,-0.03104743,-0.0006583006,0.9992936	attack2	0,0,0	0,0,0	True	False
-4008.198,57.17207,-5007.169	-0.02017678,-0.0308492,-0.0006249201,0.9993202	air2	0,0,0	0,0,0	True	False
-4008.229,57.23991,-5003.707	-0.01923182,0.01561985,-4.856313E-05,0.999693	air2	0,0,0	0,0,0	True	False
-4008.252,57.29976,-5000.235	-0.01703227,0.05674925,-4.300896E-05,0.9982432	air2	0,0,0	0,0,0	True	False
-4008.268,57.3516,-4996.754	-0.01506294,0.09304283,-3.803611E-05,0.9955482	air2	0,0,0	0,0,0	True	False
-4008.275,57.39545,-4993.265	-0.01330659,0.1250017,-3.360107E-05,0.9920673	air2	0,0,0	0,0,0	True	False
-4008.284,57.43129,-4989.763	-0.01174491,0.1531022,-2.96576E-05,0.9881406	air2	0,0,0	0,0,0	True	False
-4008.292,57.45913,-4986.25	-0.01035389,0.1314355,-2.614508E-05,0.9912707	air2	0,0,0	0,0,0	True	False
-4008.302,57.47898,-4982.724	-0.009123977,0.1122901,-2.303937E-05,0.9936336	air2	0,0,0	0,0,0	True	False
-4008.312,57.49082,-4979.187	-0.008037674,0.09538946,-2.02963E-05,0.9954076	air2	0,0,0	0,0,0	True	False
-4008.323,57.49467,-4975.637	-0.007078804,0.08074125,-1.787501E-05,0.9967099	air2	0,0,0	0,0,0	True	False
-4008.334,57.49051,-4972.076	-0.00623305,0.06808851,-1.573936E-05,0.9976598	air2	0,0,0	0,0,0	True	False
-4008.346,57.47835,-4968.502	-0.005487493,0.05720047,-1.385672E-05,0.9983476	air2	0,0,0	0,0,0	True	False
-4008.359,57.45819,-4964.917	-0.004830549,0.04787102,-1.219784E-05,0.9988418	air2	0,0,0	0,0,0	True	False
-4008.372,57.43004,-4961.32	-0.004251944,0.03965556,-1.073678E-05,0.9992044	air2	0,0,0	0,0,0	True	False
-4008.385,57.39388,-4957.71	-0.003742434,0.03242226,-9.450191E-06,0.9994673	air2	0,0,0	0,0,0	True	False
-4008.399,57.34973,-4954.089	-0.003293834,0.02605457,-8.317414E-06,0.9996551	air2	0,0,0	0,0,0	True	False
-4008.414,57.29757,-4950.456	-0.00289891,0.02044944,-7.320172E-06,0.9997867	air2	0,0,0	0,0,0	True	False
-4008.428,57.23742,-4946.81	-0.00255127,0.01551589,-6.44233E-06,0.9998764	air2	0,0,0	0,0,0	True	False
-4008.444,57.16926,-4943.153	-0.002245255,0.01143542,-5.669598E-06,0.9999321	air2	0,0,0	0,0,0	True	False
-4008.459,57.0931,-4939.483	-0.001975905,0.008105968,-4.989451E-06,0.9999652	air2	0,0,0	0,0,0	True	False
-4008.475,57.00895,-4935.802	-0.001738843,0.00543762,-4.390832E-06,0.9999837	air2	0,0,0	0,0,0	True	False
-4008.491,56.91679,-4932.109	-0.0015302,0.00361296,-3.86398E-06,0.9999923	air2	0,0,0	0,0,0	True	False
-4008.507,56.81664,-4928.403	-0.001346585,0.002269005,-3.400325E-06,0.9999965	air2	0,0,0	0,0,0	True	False
-4008.523,56.70848,-4924.686	-0.001184999,0.001348091,-2.992296E-06,0.9999984	air2	0,0,0	0,0,0	True	False
-4008.539,56.59232,-4920.957	-0.0010428,0.0007994648,-2.633223E-06,0.9999992	air2	0,0,0	0,0,0	True	False
-4008.555,56.46816,-4917.215	-0.0009176643,0.0008402352,-2.317237E-06,0.9999992	air2	0,0,0	0,0,0	True	False
-4008.572,56.33601,-4913.462	-0.0008075447,0.0008760811,-2.039169E-06,0.9999993	air2	0,0,0	0,0,0	True	False
-4008.588,56.19585,-4909.697	-0.0007106396,0.0006458209,-1.794469E-06,0.9999996	air2	0,0,0	0,0,0	True	False
-4008.604,56.0477,-4905.919	-0.0006253634,0.0001813232,-1.579134E-06,0.9999998	air2	0,0,0	0,0,0	True	False
-4008.621,55.89154,-4902.13	-0.0005503227,-0.001012859,-1.389645E-06,0.9999993	air2	0,0,0	0,0,0	True	False
-4008.638,55.72738,-4898.329	-0.00048429,-0.002849166,-1.222903E-06,0.9999958	air2	0,0,0	0,0,0	True	False
-4008.656,55.55523,-4894.515	-0.0004261807,-0.004726972,-1.076168E-06,0.9999887	air2	0,0,0	0,0,0	True	False
-4008.674,55.37507,-4890.69	-0.0003750441,-0.006641203,-9.470409E-07,0.9999779	air2	0,0,0	0,0,0	True	False
-4008.693,55.18691,-4886.853	-0.0003300422,-0.008325723,-8.334047E-07,0.9999653	air2	0,0,0	0,0,0	True	False
-4008.712,54.99076,-4883.003	-0.0002904395,-0.009808093,-7.334021E-07,0.9999519	air2	0,0,0	0,0,0	True	False
-4008.732,54.7866,-4879.142	-0.0002555884,-0.01111257,-6.453979E-07,0.9999382	air2	0,0,0	0,0,0	True	False
-4008.752,54.57445,-4875.269	-0.0002249188,-0.0122605,-5.679529E-07,0.9999248	air2	0,0,0	0,0,0	True	False
-4008.773,54.35429,-4871.396	-0.0001979303,-0.01379417,-4.998029E-07,0.9999049	air2	0,0,0	0,0,0	True	False
-4008.793,54.12613,-4867.523	-0.0001741798,-0.01514378,-4.398294E-07,0.9998853	air2	0,0,0	0,0,0	True	False
-4008.813,53.88998,-4863.65	-0.000153279,-0.01633142,-3.870519E-07,0.9998667	air2	0,0,0	0,0,0	True	False
-4008.833,53.64582,-4859.777	-0.0001348861,-0.01737652,-3.406071E-07,0.999849	air2	0,0,0	0,0,0	True	False
-4008.854,53.39367,-4855.904	-0.0001187001,-0.0182962,-2.997351E-07,0.9998326	air2	0,0,0	0,0,0	True	False
-4008.874,53.13351,-4852.031	-0.0001044564,-0.01910551,-2.637676E-07,0.9998175	air2	0,0,0	0,0,0	True	False
-4008.894,52.86535,-4848.158	-9.192176E-05,-0.0198177,-2.321159E-07,0.9998036	air2	0,0,0	0,0,0	True	False
-4008.916,52.5892,-4844.272	-8.089126E-05,-0.02044441,-2.042623E-07,0.999791	air2	0,0,0	0,0,0	True	False
-4008.939,52.30504,-4840.375	-7.119017E-05,-0.02518225,-1.797656E-07,0.9996829	air2	0,0,0	0,0,0	True	False
-4008.964,52.01288,-4836.466	-6.265135E-05,-0.02935135,-1.582038E-07,0.9995692	air2	0,0,0	0,0,0	True	False
-4008.989,51.71273,-4832.557	-5.513591E-05,-0.03301992,-1.392262E-07,0.9994547	air2	0,0,0	0,0,0	True	False
-4009.013,51.40457,-4828.648	-4.852146E-05,-0.03624801,-1.225238E-07,0.9993429	air2	0,0,0	0,0,0	True	False
-4009.038,51.08842,-4824.739	0,-0.07926448,0,0.9968536	air_hook_r_just	0,0,0	-4012.073,0.5,-4805.774	True	False
-4009.065,50.79093,-4820.812	0,-0.07926272,0,0.9968538	dash	-4012.226,0.5,-4801.059	-4012.073,0.5,-4805.774	True	True
-4009.19,50.4951,-4816.079	0,-0.07926272,0,0.9968538	dash	-4012.226,0.5,-4801.059	-4012.073,0.5,-4805.774	True	False
-4009.316,50.17408,-4811.341	0,-0.07926272,0,0.9968538	dash	-4012.226,0.5,-4801.059	-4012.073,0.5,-4805.774	False	False
-4009.443,49.82756,-4806.601	-0.02409137,-0.07654783,0.03522152,0.9961523	dash	-4012.226,0.5,-4801.059	-4012.073,0.5,-4805.774	False	False
-4009.571,49.45533,-4801.86	-0.04769266,-0.07980455,0.06789088,0.9933516	dash	-4012.226,0.5,-4801.059	-4012.073,0.5,-4805.774	True	False
-4009.699,49.06608,-4797.117	-0.07481061,-0.1025605,0.09155939,0.9876748	dash	-4012.226,0.5,-4801.059	-4012.073,0.5,-4805.774	True	False
-4009.828,48.65981,-4792.372	-0.1155154,-0.1915127,0.08704861,0.9707738	dash	-4012.226,0.5,-4801.059	-4012.073,0.5,-4805.774	True	False
-4009.957,48.24538,-4787.625	-0.1546385,-0.2947522,0.06912437,0.9404414	dash	-4012.226,0.5,-4801.059	-4012.073,0.5,-4805.774	True	False
-4010.086,47.82277,-4782.877	-0.1894237,-0.3921072,0.04837115,0.8989053	dash	-4012.226,0.5,-4801.059	-4012.073,0.5,-4805.774	True	False
-4010.215,47.39198,-4778.126	-0.219546,-0.4797824,0.02720354,0.8490397	dash	-4012.226,0.5,-4801.059	-4012.073,0.5,-4805.774	True	False
-4010.344,46.95301,-4773.374	-0.2450361,-0.5565841,0.006691869,0.7938052	dash	-4012.226,0.5,-4801.059	-4012.073,0.5,-4805.774	True	False
-4010.473,46.50586,-4768.62	4.990149E-05,-0.9997083,0.002072968,0.02406546	attack1_hook_l2	-4012.226,0.5,-4801.059	-4012.073,0.5,-4805.774	True	False
-4010.602,46.05052,-4763.863	-0.0008580357,-0.9988452,-0.04389004,0.01952709	attack1_hook_l2	-4012.226,0.5,-4801.059	-4012.073,0.5,-4805.774	True	False
-4010.731,45.58699,-4759.104	-0.0007430327,-0.9987925,-0.04645257,0.0159762	attack1_hook_l2	-4012.226,0.5,-4801.059	-4012.073,0.5,-4805.774	True	False
-4010.861,45.11527,-4754.343	-0.000623318,-0.9987858,-0.04748422,0.01311091	attack1_hook_l2	-4012.226,0.5,-4801.059	-4012.073,0.5,-4805.774	True	False
-4010.99,44.63535,-4749.581	-0.04408305,0.4152431,0.02015061,0.9084183	attack1_hook_l2	-4012.226,0.5,-4801.059	0,0,0	True	False
-4011.12,44.14723,-4744.816	-0.04408305,0.4152431,0.02015061,0.9084183	attack1_hook_l2	0,0,0	0,0,0	True	False
-4011.24,43.65111,-4740.043	-0.04408305,0.4152431,0.02015061,0.9084183	attack1_hook_l2	0,0,0	0,0,0	True	False
-4011.351,43.147,-4735.263	-0.03644336,0.4153979,0.01665847,0.9087569	attack1_hook_l2	0,0,0	0,0,0	True	False
-4011.454,42.63488,-4730.475	-0.02967672,0.4155104,0.0135654,0.909003	attack1_hook_l2	0,0,0	0,0,0	True	False
-4011.547,42.11476,-4725.679	-0.02366698,0.4155909,0.01081831,0.9091793	attack1_hook_l2	0,0,0	0,0,0	True	False
-4011.631,41.58664,-4720.875	-0.01832557,0.4156473,0.008376721,0.9093027	attack1_hook_l2	0,0,0	0,0,0	True	False
-4011.706,41.05051,-4716.064	-0.01357403,0.4156854,0.006204765,0.909386	attack1_hook_l2	0,0,0	0,0,0	True	False
-4011.78,40.50639,-4711.24	-0.009342928,0.4157098,0.004270706,0.9094393	attack1_hook_l2	0,0,0	0,0,0	True	False
-4011.853,39.95427,-4706.405	-0.005352086,0.373182,0.003683103,0.9277354	attack1_hook_l2	0,0,0	0,0,0	True	False
-4011.926,39.39415,-4701.557	-0.001765215,0.3348463,0.003154529,0.9422659	attack1_hook_l2	0,0,0	0,0,0	True	False
-4011.997,38.82603,-4696.698	0.001849234,0.3004737,0.002666792,0.9537846	attack1_hook_l2	0,0,0	0,0,0	True	False
-4012.068,38.24992,-4691.826	0.005441973,0.2697795,0.002218514,0.9629042	attack1_hook_l2	0,0,0	0,0,0	True	False
-4012.137,37.66579,-4686.943	0.008976128,0.2424564,0.001807688,0.9701191	attack1_hook_l2	0,0,0	0,0,0	True	False
-4012.206,37.07367,-4682.047	0.01242431,0.2181938,0.001431963,0.9758253	attack1_hook_l2	0,0,0	0,0,0	True	False
-4012.274,36.47355,-4677.14	0.01576677,0.1966903,0.001088837,0.9803383	attack1_hook_l2	0,0,0	0,0,0	True	False
-4012.342,35.86543,-4672.221	0.01898981,0.1776606,0.0007757816,0.9839083	attack1_hook_l2	0,0,0	0,0,0	True	False
-4012.408,35.24931,-4667.29	0.02208458,0.1608398,0.0004903206,0.9867333	attack1_hook_l2	0,0,0	0,0,0	True	False
-4012.473,34.62519,-4662.346	0.02504597,0.145985,0.0002300856,0.9889697	attack1_hook_l2	0,0,0	0,0,0	True	False
-4012.538,33.99307,-4657.391	0.02787186,0.132876,-7.156672E-06,0.9907407	attack1_hook_l2	0,0,0	0,0,0	True	False
-4012.602,33.35295,-4652.424	0.0305624,0.1213139,-0.0002234888,0.9921436	attack1_hook_l2	0,0,0	0,0,0	True	False
-4012.665,32.70483,-4647.445	0.03311953,0.1111209,-0.0004208374,0.9932548	air2	0,0,0	0,0,0	True	False
-4012.727,32.04871,-4642.454	0.03554645,0.1021379,-0.0006009745,0.9941348	air2	0,0,0	0,0,0	True	False
-4012.788,31.38459,-4637.45	0.03129023,0.09423441,-0.0005290157,0.9950581	air2	0,0,0	0,0,0	True	False
-4012.848,30.71247,-4632.435	0.02754178,0.08727139,-0.0004656417,0.9958037	air2	0,0,0	0,0,0	True	False
-4012.907,30.03235,-4627.408	0.02424112,0.08113828,-0.0004098382,0.996408	air2	0,0,0	0,0,0	True	False
-4012.966,29.34423,-4622.369	0.02133514,0.0757371,-0.0003607077,0.9968995	air2	0,0,0	0,0,0	True	False
-4013.024,28.64811,-4617.317	0.01877695,0.07098119,-0.0003174569,0.9973009	air2	0,0,0	0,0,0	True	False
-4013.081,27.94399,-4612.254	0.01652509,0.06679391,-0.0002793854,0.9976299	air2	0,0,0	0,0,0	True	False
-4013.136,27.23187,-4607.179	0.01454302,0.06310761,-0.000245875,0.9979007	air2	0,0,0	0,0,0	True	False
-4013.192,26.51175,-4602.092	0.01279849,0.05986259,-0.0002163808,0.9981245	air2	0,0,0	0,0,0	True	False
-4013.246,25.78363,-4596.993	0.01126311,0.05700618,-0.0001904225,0.9983103	air2	0,0,0	0,0,0	True	False
-4013.299,25.04751,-4591.882	0.009911885,0.0542306,-0.0001675777,0.9984792	air2	0,0,0	0,0,0	True	False
-4013.352,24.30338,-4586.759	0.008722696,0.0517876,-0.0001474723,0.99862	air2	0,0,0	0,0,0	True	False
-4013.404,23.55126,-4581.625	0.007676134,0.04963739,-0.0001297784,0.9987378	air2	0,0,0	0,0,0	True	False
-4013.456,22.79114,-4576.49	0.006755108,0.04774494,-0.0001142068,0.9988368	air2	0,0,0	0,0,0	True	False
-4013.507,22.02302,-4571.355	0.00594457,0.04607939,-0.0001005033,0.9989201	air2	0,0,0	0,0,0	True	False
-4013.559,21.2469,-4566.22	0.005231272,0.04461356,-8.844375E-05,0.9989907	air2	0,0,0	0,0,0	True	False
-4013.611,20.46278,-4561.085	0.004603554,0.04332352,-7.783108E-05,0.9990505	air2	0,0,0	0,0,0	True	False
-4013.663,19.67066,-4555.951	0.004051151,0.0421882,-6.849175E-05,0.9991015	air2	0,0,0	0,0,0	True	False
-4013.714,18.87054,-4550.804	0.003565029,0.04118907,-6.027301E-05,0.999145	air2	0,0,0	0,0,0	True	False
-4013.765,18.06242,-4545.645	0.003137312,0.03847875,-5.304172E-05,0.9992545	air2	0,0,0	0,0,0	True	False
-4013.816,17.2463,-4540.474	0.002760907,0.03583178,-4.667793E-05,0.9993541	air2	0,0,0	0,0,0	True	False
-4013.867,16.42218,-4535.303	0.002429672,0.03297896,-4.107783E-05,0.9994531	air2	0,0,0	0,0,0	True	False
-4013.917,15.59006,-4530.132	0.002138162,0.03046819,-3.614934E-05,0.9995335	air2	0,0,0	0,0,0	True	False
-4013.968,14.74994,-4524.961	0.001881616,0.02825852,-3.1812E-05,0.9995989	air2	0,0,0	0,0,0	True	False
-4014.019,13.90182,-4519.791	0.001655846,0.02631387,-2.799495E-05,0.9996524	air2	0,0,0	0,0,0	True	False
-4014.07,13.04569,-4514.608	0,0.009868439,0,0.9999513	dash	0,0,0	0,0,0	False	True
-4014.104,12.18157,-4508.625	0,0.009868439,0,0.9999513	dash	0,0,0	0,0,0	False	False
-4014.138,11.33956,-4502.851	0,0.009868439,0,0.9999513	dash	0,0,0	0,0,0	False	False
-4014.17,10.51894,-4497.278	0,0.009868439,0,0.9999513	dash	0,0,0	0,0,0	False	False
-4014.201,9.719084,-4491.9	0,0.1137475,0,0.9935097	air_hook_r_just	-3999.35,47.69511,-4429.897	-3999.833,46.23093,-4429.974	False	False
-4014.225,9.645237,-4486.618	0,0.1137475,0,0.9935097	air_hook_r_just	-3999.35,47.69511,-4429.897	-3999.833,46.23093,-4429.974	False	False
-4014.244,9.576945,-4481.321	0,0.1137475,0,0.9935097	air_hook_r_just	-3999.35,47.69511,-4429.897	-3999.833,46.23093,-4429.974	False	False
-4014.26,9.514844,-4476.01	-0.02109822,0.1146153,-0.000519963,0.9931858	air_hook_r_just	-3999.35,47.69511,-4429.897	-3999.833,46.23093,-4429.974	False	False
-4014.271,9.459626,-4470.686	-0.03968203,0.1168195,-0.0006826952,0.9923599	air_hook_r_just	-3999.35,47.69511,-4429.897	-3999.833,46.23093,-4429.974	False	False
-4014.278,9.412045,-4465.349	-0.05603956,0.1205185,-0.0004768487,0.991128	air_hook_r_just	-3999.35,47.69511,-4429.897	-3999.833,46.23093,-4429.974	True	False
-4014.28,9.372901,-4459.988	0.002892317,0.2253529,-0.0006690039,0.9742727	attack1_hook_r2	-3999.35,47.69511,-4429.897	-3999.833,46.23093,-4429.974	True	False
-4014.276,9.343036,-4454.605	0.00190157,0.265251,-0.0005231334,0.9641774	attack1_hook_r2	-3999.35,47.69511,-4429.897	-3999.833,46.23093,-4429.974	True	False
-4014.267,9.323302,-4449.2	0.001140393,0.3197831,-0.000384889,0.94749	attack1_hook_r2	-3999.35,47.69511,-4429.897	-3999.833,46.23093,-4429.974	True	False
-4014.252,9.314518,-4443.776	0.0004367241,0.3959313,-0.0001883007,0.91828	attack1_hook_r2	-3999.35,47.69511,-4429.897	-3999.833,46.23093,-4429.974	True	False
-4014.231,9.317405,-4438.334	-0.0001111282,0.501188,6.43634E-05,0.8653384	attack1_hook_r2	-3999.35,47.69511,-4429.897	-3999.833,46.23093,-4429.974	True	False
-4014.203,9.332513,-4432.876	-0.0003585797,0.6335143,0.0002935973,0.7737309	attack1_hook_r2	-3999.35,47.69511,-4429.897	-3999.833,46.23093,-4429.974	True	False
-4014.169,9.360149,-4427.406	-0.0002120973,0.7651761,0.0002520759,0.643821	attack1_hook_r2	-3999.35,47.69511,-4429.897	-3999.833,46.23093,-4429.974	True	False
-4014.135,9.383797,-4421.933	0.0001158711,0.8608477,-0.0001960202,0.5088627	attack1_hook_r2	-3999.35,47.69511,-4429.897	-3999.833,46.23093,-4429.974	True	False
-4014.1,9.403452,-4416.458	0.0002268745,0.9166793,-0.0005204181,0.3996233	attack1_hook_r2	-3999.35,47.69511,-4429.897	-3999.833,46.23093,-4429.974	True	False
-4014.066,9.419115,-4410.98	0.0002164482,0.9473042,-0.0006400878,0.3203346	attack1_hook_r2	-3999.35,47.69511,-4429.897	-3999.833,46.23093,-4429.974	True	False
-4014.032,9.430783,-4405.501	0.0006184513,0.005505544,-3.404963E-06,0.9999847	attack1_hook_r2	0,0,0	-3999.833,46.23093,-4429.974	True	False
-4013.998,9.438456,-4400.021	-0.0001528092,0.9757071,0.0006805655,0.2190782	attack1_hook_r2	0,0,0	-3999.833,46.23093,-4429.974	True	False
-4013.963,9.442131,-4394.538	4.519078E-05,0.982057,-0.0002353322,0.1885841	attack1_hook_r2	0,0,0	-3999.833,46.23093,-4429.974	True	False
-4013.929,9.441809,-4389.053	-3.658647E-06,0.9862748,2.185441E-05,0.1651122	attack1_hook_r2	0,0,0	-3999.833,46.23093,-4429.974	True	False
-4013.895,9.437487,-4383.566	-4.530712E-05,0.9891994,0.0003057655,0.1465756	attack1_hook_r2	0,0,0	-3999.833,46.23093,-4429.974	True	False
-4013.86,9.429163,-4378.077	-8.070087E-05,0.9913014,0.0006078467,0.1316103	attack1_hook_r2	0,0,0	-3999.833,46.23093,-4429.974	True	False
-4013.826,9.416836,-4372.586	-0.0001108741,0.9928581,0.0009227481,0.1192982	attack1_hook_r2	0,0,0	-3999.833,46.23093,-4429.974	True	False
-4013.791,9.400504,-4367.094	-0.0001367259,0.9940404,0.001246831,0.1090051	attack1_hook_r2	0,0,0	-3999.833,46.23093,-4429.974	True	False
-4013.757,9.380167,-4361.599	-0.0001590198,0.9949582,0.001577782,0.1002788	attack1_hook_r2	0,0,0	-3999.833,46.23093,-4429.974	True	False
-4013.722,9.355822,-4356.102	-0.0001783754,0.9956836,0.001914002,0.09279272	attack1_hook_r2	0,0,0	-3999.833,46.23093,-4429.974	True	False
-4013.688,9.327468,-4350.603	-0.0001952859,0.9962664,0.002254351,0.08630276	attack1_hook_r2	0,0,0	-3999.833,46.23093,-4429.974	True	False
-4013.654,9.295103,-4345.102	-0.0002101333,0.9967411,0.002597811,0.08062499	attack1_hook_r2	0,0,0	-3999.833,46.23093,-4429.974	True	False
-4013.619,9.258726,-4339.599	-0.0002232424,0.9971326,0.00294381,0.07561706	attack1_hook_r2	0,0,0	-3999.833,46.23093,-4429.974	False	False
-4013.583,9.22647,-4334.332	-0.0001964627,0.9974485,0.002746997,0.07133659	attack1_hook_r2	0,0,0	-3999.833,46.23093,-4429.974	False	False
-4013.547,9.197862,-4329.292	-0.0001736453,0.9977065,0.002561335,0.06763937	attack1_hook_r2	0,0,0	-3999.833,46.23093,-4429.974	False	False
-4013.51,9.172485,-4324.471	-0.0001540664,0.9979204,0.002386837,0.06441411	attack1_hook_r2	0,0,0	-3999.833,46.23093,-4429.974	False	False
-4013.472,9.149973,-4319.859	-0.0001371738,0.9980997,0.002223377,0.06157891	attack1_hook_r2	0,0,0	-3999.833,46.23093,-4429.974	False	False
-4013.433,9.129995,-4315.449	-0.0001225268,0.9982519,0.002070743,0.05906701	attack1_hook_r2	0,0,0	-3999.833,46.23093,-4429.974	False	False
-4013.394,9.112261,-4311.231	-0.0001097827,0.9983822,0.001928725,0.05682776	attack1_hook_r2	0,0,0	-3999.833,46.23093,-4429.974	False	False
-4013.355,9.096509,-4307.2	-9.866723E-05,0.9984946,0.0017971,0.05482092	attack1_hook_r2	0,0,0	-3999.833,46.23093,-4429.974	False	False
-4013.315,9.082506,-4303.346	-8.895756E-05,0.9985924,0.001675678,0.05301278	attack1_hook_r2	0,0,0	-3999.833,46.23093,-4429.974	False	False
-4013.276,9.070042,-4299.664	-8.047353E-05,0.9986782,0.001564301,0.05137578	attack1_hook_r2	0,0,0	-3999.833,46.23093,-4429.974	False	False
-4013.236,9.058928,-4296.146	0.001636179,0.9982175,-0.03275645,0.0498608	attack1_hook_r2	0,0,0	-3999.833,46.23093,-4429.974	True	False
-4013.087,9.312584,-4292.638	0.001772752,0.9981642,-0.0368236,0.04805336	attack1_hook_r2	0,0,0	-3999.833,46.23093,-4429.974	True	False
-4012.924,9.59474,-4289.131	0.001873538,0.9981092,-0.04039908,0.04628808	attack1_hook_r2	0,0,0	-3999.833,46.23093,-4429.974	True	False
-4012.749,9.904747,-4285.625	0.001873538,0.9981092,-0.04039908,0.04628808	air_hook_r	0,0,0	-3999.833,46.23093,-4429.974	True	False
-4012.561,10.24198,-4282.122	0.001873538,0.9981092,-0.04039908,0.04628808	air_hook_r	0,0,0	0,0,0	True	False
-4012.372,10.57121,-4278.606	-0.04189992,0.9963691,-0.02671624,0.06913172	air2_backward	0,0,0	0,0,0	True	False
-4012.183,10.89244,-4275.078	-0.04100209,0.9783733,-0.02614377,0.2010498	air2_backward	0,0,0	0,0,0	True	False
-4011.993,11.20567,-4271.538	-0.03945214,0.9446875,-0.02515549,0.3246172	air2_backward	0,0,0	0,0,0	True	False
-4011.803,11.5109,-4267.986	-0.03738615,0.8984653,-0.02383817,0.4367998	air2_left	0,0,0	0,0,0	True	False
-4011.612,11.80813,-4264.422	-0.03495645,0.8432798,-0.02228894,0.5358736	air2_left	0,0,0	0,0,0	True	False
-4011.42,12.09736,-4260.847	-0.03231065,0.7826218,-0.02060193,0.6213169	air2_left	0,0,0	0,0,0	True	False
-4011.228,12.37859,-4257.259	-0.02957744,0.7195563,-0.01885918,0.6935476	air2_left	0,0,0	0,0,0	True	False
-4011.035,12.65182,-4253.659	-0.02685954,0.6565486,-0.01712619,0.7536108	air2_left	0,0,0	0,0,0	True	False
-4010.842,12.91705,-4250.047	-0.0242326,0.5954291,-0.0154512,0.8028937	air2_left	0,0,0	0,0,0	True	False
-4010.647,13.17428,-4246.424	-0.02174768,0.5374473,-0.01386676,0.8429028	air2_left	0,0,0	0,0,0	True	False
-4010.452,13.42352,-4242.788	-0.01943548,0.4833697,-0.01239246,0.8751128	air2_left	0,0,0	0,0,0	True	False
-4010.255,13.66475,-4239.141	-0.01729626,0.4353337,-0.01102845,0.9000355	air2_left	0,0,0	0,0,0	True	False
-4010.055,13.89798,-4235.481	-0.01533147,0.3955028,-0.00977566,0.9182848	air2	0,0,0	0,0,0	True	False
-4009.85,14.12321,-4231.812	-0.01354228,0.3662471,-0.008634836,0.930379	air2	0,0,0	0,0,0	True	False
-4009.639,14.34044,-4228.131	-0.01193484,0.3476384,-0.007609896,0.9375219	air2	0,0,0	0,0,0	True	False
-4009.421,14.54967,-4224.44	-0.01050793,0.3367757,-0.006700072,0.9415025	air2	0,0,0	0,0,0	True	False
-4009.198,14.7509,-4220.739	-0.009249891,0.3281619,-0.00589792,0.9445578	air2	0,0,0	0,0,0	True	False
-4008.969,14.94413,-4217.027	-0.00814189,0.3205567,-0.005191436,0.9471802	air2	0,0,0	0,0,0	True	False
-4008.742,15.12936,-4213.304	-0.007166217,0.3138452,-0.004569327,0.9494362	air2	0,0,0	0,0,0	True	False
-4008.519,15.30659,-4209.569	-0.006372062,0.2639007,-0.004062958,0.9645203	air2	0,0,0	0,0,0	True	False
-4008.298,15.47582,-4205.823	-0.005653001,0.2189908,-0.00360447,0.9757039	air2	0,0,0	0,0,0	True	False
-4008.081,15.63705,-4202.065	-0.005006113,0.1788283,-0.003192,0.9838624	air2	0,0,0	0,0,0	True	False
-4007.866,15.79028,-4198.296	-0.004427044,0.1430611,-0.002822774,0.9897	air2	0,0,0	0,0,0	True	False
-4007.654,15.93552,-4194.515	-0.003910678,0.1113095,-0.002493529,0.993775	air2	0,0,0	0,0,0	True	False
-4007.446,16.07274,-4190.722	-0.003451412,0.08344641,-0.002200691,0.9965039	air2	0,0,0	0,0,0	True	False
-4007.239,16.20197,-4186.917	-0.003043813,0.05933262,-0.001940798,0.9982318	air2	0,0,0	0,0,0	True	False
-4007.035,16.32321,-4183.101	-0.002682516,0.03934307,-0.001710427,0.9992207	air2	0,0,0	0,0,0	True	False
-4006.833,16.43644,-4179.272	-0.00236286,0.023279,-0.001506608,0.9997251	air2	0,0,0	0,0,0	True	False
-4006.632,16.54167,-4175.432	-0.002080479,0.01095221,-0.001326556,0.999937	air2	0,0,0	0,0,0	True	False
-4006.44,16.6389,-4171.583	-0.00183125,0.00297234,-0.001167643,0.9999933	air2	0,0,0	0,0,0	True	False
-4006.255,16.72813,-4167.726	-0.001625177,-0.04427734,-0.001036246,0.9990174	air2	0,0,0	0,0,0	True	False
-4006.076,16.80936,-4163.857	-0.001436245,-0.07798555,-0.0009157791,0.9969531	air2	0,0,0	0,0,0	True	False
-4005.902,16.88259,-4159.977	-0.001265964,-0.09895535,-0.0008072043,0.9950908	air2	0,0,0	0,0,0	True	False
-4005.731,16.94782,-4156.086	-0.001114497,-0.109373,-0.0007106261,0.9939999	air2	0,0,0	0,0,0	True	False
-4005.563,17.00505,-4152.183	-0.0009808487,-0.1143783,-0.0006254092,0.9934366	air2	0,0,0	0,0,0	True	False
-4005.398,17.05428,-4148.269	-0.0008631605,-0.1164416,-0.0005503689,0.993197	air2	0,0,0	0,0,0	True	False
-4005.236,17.09551,-4144.343	-0.0007595881,-0.1179969,-0.000484329,0.9930136	air2	0,0,0	0,0,0	True	False
-4005.077,17.12875,-4140.405	-0.0006684394,-0.1188455,-0.0004262107,0.9929125	air2	0,0,0	0,0,0	True	False
-4004.921,17.15398,-4136.456	-0.0005882268,-0.1190723,-0.0003750655,0.9928854	air2	0,0,0	0,0,0	True	False
-4004.768,17.17121,-4132.495	-0.0005176397,-0.1192719,-0.0003300577,0.9928614	air2	0,0,0	0,0,0	True	False
-4004.617,17.18044,-4128.522	-0.000455523,-0.1194476,-0.0002904508,0.9928404	air2	0,0,0	0,0,0	True	False
-4004.47,17.18167,-4124.539	-0.0004008603,-0.1196021,-0.0002555967,0.9928218	air2	0,0,0	0,0,0	True	False
-4004.318,17.1749,-4120.543	-0.0003527621,-0.1215573,-0.0002249283,0.9925843	air2	0,0,0	0,0,0	True	False
-4004.162,17.16013,-4116.537	-0.0003123131,-0.08161131,-0.0001991372,0.9966642	air2	0,0,0	0,0,0	True	False
-4004.005,17.13736,-4112.519	-0.000275611,-0.05409741,-0.0001757352,0.9985356	air2	0,0,0	0,0,0	True	False
-4003.839,17.10659,-4108.491	-0.000242738,-0.0391304,-0.0001547747,0.9992341	air2	0,0,0	0,0,0	True	False
-4003.667,17.06782,-4104.454	0,0.9107107,0,0.4130448	air_hook_l_just	-3965.988,22.11891,-4137.448	0,0,0	True	False
-4003.476,17.09262,-4100.418	0,0.9107107,0,0.4130448	air_hook_l_just	-3965.988,22.11891,-4137.448	0,0,0	True	False
-4003.285,17.11343,-4096.38	0,0.9107107,0,0.4130448	air_hook_l_just	-3965.988,22.11891,-4137.448	0,0,0	True	False
-4003.094,17.13025,-4092.339	-0.0137163,0.9168376,0.01773978,0.3986302	air_hook_l_just	-3965.988,22.11891,-4137.448	0,0,0	True	False
-4002.903,17.14307,-4088.297	-0.02527967,0.9230168,0.03378811,0.3824386	air_hook_l_just	-3965.988,22.11891,-4137.448	0,0,0	True	False
-4002.712,17.15191,-4084.253	-0.03498247,0.9290934,0.04828663,0.3650069	air_hook_l_just	-3965.988,22.11891,-4137.448	0,0,0	True	False
-4002.521,17.15674,-4080.207	-0.04308171,0.9349462,0.06136902,0.3467758	air_hook_l_just	-3965.988,22.11891,-4137.448	0,0,0	True	False
-3999.073,17.58459,-4078.12	-0.04980199,0.9404867,0.0731605,0.328104	air_hook_l_just	-3965.988,22.11891,-4137.448	0,0,0	True	False
-3995.507,18.0247,-4076.244	-0.05599938,0.943882,0.08318611,0.3146919	air_hook_l_just	-3965.988,22.11891,-4137.448	0,0,0	True	False
-3991.834,18.47553,-4074.584	-0.06091779,0.9476653,0.09237619,0.2994763	air_hook_l_just	-3965.988,22.11891,-4137.448	0,0,0	True	False
-3988.069,18.93548,-4073.146	-0.06470186,0.9517113,0.1008178,0.2826574	air_hook_l_just	-3965.988,22.11891,-4137.448	0,0,0	True	False
-3984.301,19.39166,-4071.708	-0.06747867,0.9558991,0.1085866,0.2644096	air_hook_l_just	-3965.988,22.11891,-4137.448	0,0,0	True	False
-3980.531,19.84407,-4070.27	-0.06947955,0.9601839,0.1157665,0.2445765	air_hook_l_just	-3965.988,22.11891,-4137.448	0,0,0	True	False
-3976.76,20.29269,-4068.83	-0.07060263,0.9644475,0.122432,0.2233085	air_hook_l_just	-3965.988,22.11891,-4137.448	0,0,0	True	False
-3972.986,20.73754,-4067.39	-0.07094526,0.9685578,0.1286208,0.2007966	air_hook_l_just	-3965.988,22.11891,-4137.448	0,0,0	True	False
-3969.211,21.17861,-4065.95	-0.07060077,0.9723935,0.1343629,0.1772372	air_hook_l_just	-3965.988,22.11891,-4137.448	0,0,0	True	False
-3965.434,21.6159,-4064.508	-0.0696559,0.9758483,0.1396829,0.1528296	air_hook_l_just	0,0,0	0,0,0	True	False
-3961.656,22.04518,-4063.055	-0.06819133,0.9788332,0.1446014,0.1277732	air_hook_l_just	0,0,0	0,0,0	True	False
-3957.878,22.46647,-4061.59	0,-0.2695783,0,0.9629785	air_hook_r_just	0,0,0	-3995.355,40.96438,-3999.897	True	False
-3954.107,23.07084,-4060.097	0,-0.2695783,0,0.9629785	air_hook_r_just	0,0,0	-3995.355,40.96438,-3999.897	True	False
-3950.335,23.67152,-4058.604	0,-0.2695783,0,0.9629785	air_hook_r_just	0,0,0	-3995.355,40.96438,-3999.897	True	False
-3946.561,24.26848,-4057.111	-0.02241449,-0.281396,-0.000281104,0.9593298	air_hook_r_just	0,0,0	-3995.355,40.96438,-3999.897	True	False
-3942.784,24.86174,-4055.616	-0.04216005,-0.2949699,-0.001188095,0.9545752	air_hook_r_just	0,0,0	-3995.355,40.96438,-3999.897	True	False
-3939.007,25.45128,-4054.121	-0.05953061,-0.3099797,-0.002626845,0.9488739	air_hook_r_just	0,0,0	-3995.355,40.96438,-3999.897	True	False
-3935.227,26.03712,-4052.625	-0.07479025,-0.326126,-0.004511505,0.9423524	air_hook_r_just	0,0,0	-3995.355,40.96438,-3999.897	True	False
-3931.445,26.61923,-4051.129	-0.08817484,-0.3431325,-0.006764208,0.9351147	air_hook_r_just	0,0,0	-3995.355,40.96438,-3999.897	True	False
-3927.662,27.19764,-4049.632	-0.09989443,-0.3607482,-0.009314844,0.9272514	air_hook_r_just	0,0,0	-3995.355,40.96438,-3999.897	True	False
-3923.876,27.77232,-4048.134	-0.1101358,-0.3787479,-0.01210066,0.9188437	air_hook_r_just	0,0,0	-3995.355,40.96438,-3999.897	True	False
-3920.089,28.34328,-4046.635	-0.1190651,-0.3969331,-0.01506597,0.9099674	air_hook_r_just	0,0,0	-3995.355,40.96438,-3999.897	True	False
-3916.3,28.91052,-4045.135	-0.1268301,-0.415131,-0.0181617,0.9006945	air_hook_r_just	0,0,0	-3995.355,40.96438,-3999.897	True	False
-3912.51,29.47404,-4043.635	0.0177294,-0.5161869,0.0106884,0.8562258	attack1_hook_l1	0,0,0	-3995.355,40.96438,-3999.897	True	False
-3908.717,30.03383,-4042.134	0.02602291,-0.5297466,0.0162642,0.8476007	attack1_hook_l1	0,0,0	-3995.355,40.96438,-3999.897	True	False
-3904.922,30.58989,-4040.632	0.02684196,-0.5425377,0.01734855,0.8394233	attack1_hook_l1	0,0,0	-3995.355,40.96438,-3999.897	True	False
-3901.126,31.14222,-4039.13	-0.001053289,-0.5548094,-0.0007023928,0.8319765	attack1_hook_l1	0,0,0	-3995.355,40.96438,-3999.897	True	False
-3899.623,32.29898,-4035.472	-0.003408334,-0.570814,-0.002369502,0.821069	attack1_hook_l1	0,0,0	-3995.355,40.96438,-3999.897	True	False
-3898.275,33.46582,-4031.756	-0.003735107,-0.5865917,-0.002705352,0.8098697	attack1_hook_l1	0,0,0	-3995.355,40.96438,-3999.897	True	False
-3897.084,34.64086,-4027.988	-0.003954274,-0.6021386,-0.002982329,0.7983763	attack1_hook_l1	0,0,0	-3995.355,40.96438,-3999.897	True	False
-3896.052,35.82219,-4024.174	-0.004161155,-0.6174527,-0.003266398,0.7865902	attack1_hook_l1	0,0,0	-3995.355,40.96438,-3999.897	True	False
-3895.182,37.00792,-4020.321	-0.004357678,-0.6325327,-0.003558847,0.7745132	attack1_hook_l1	0,0,0	-3995.355,40.96438,-3999.897	True	False
-3894.475,38.19612,-4016.435	-0.004541025,-0.6473772,-0.003857206,0.7621465	attack1_hook_l1	0,0,0	-3995.355,40.96438,-3999.897	True	False
-3893.932,39.38486,-4012.521	-0.004708203,-0.6619847,-0.004158501,0.749491	attack1_hook_l1	0,0,0	-3995.355,40.96438,-3999.897	True	False
-3893.554,40.57222,-4008.587	-0.004708203,-0.6619847,-0.004158501,0.749491	attack1_hook_l1	0,0,0	0,0,0	True	False
-3893.177,41.75158,-4004.641	-0.004708203,-0.6619847,-0.004158501,0.749491	attack1_hook_l1	0,0,0	0,0,0	True	False
-3892.802,42.92293,-4000.682	-0.004599166,-0.6005901,-0.003762224,0.799535	attack1_hook_l1	0,0,0	0,0,0	True	False
-3892.427,44.08629,-3996.712	-0.004469828,-0.5447661,-0.003390278,0.8385693	attack1_hook_l1	0,0,0	0,0,0	True	False
-3892.054,45.24165,-3992.73	-0.006022331,-0.4928,-0.003135065,0.8701161	attack1_hook_l1	0,0,0	0,0,0	True	False
-3891.682,46.389,-3988.737	-0.008801064,-0.4450287,-0.002973924,0.8954681	attack1_hook_l1	0,0,0	0,0,0	True	False
-3891.312,47.52836,-3984.731	-0.0124878,-0.4015344,-0.002889981,0.9157543	attack1_hook_l1	0,0,0	0,0,0	True	False
-3890.942,48.65971,-3980.713	-0.01681396,-0.3622267,-0.002867989,0.931934	attack1_hook_l1	0,0,0	0,0,0	True	False
-3890.574,49.78307,-3976.683	-0.02155819,-0.3269054,-0.002894584,0.9448068	attack1_hook_l1	0,0,0	0,0,0	True	False
-3890.208,50.89843,-3972.641	-0.02654137,-0.2953068,-0.002958311,0.9550292	attack1_hook_l1	0,0,0	0,0,0	True	False
-3889.842,52.00578,-3968.588	-0.03162099,-0.267136,-0.003049512,0.9631351	attack1_hook_l1	0,0,0	0,0,0	True	False
-3889.486,53.10514,-3964.527	-0.03668552,-0.2420887,-0.003160164,0.9695552	attack1_hook_l1	0,0,0	0,0,0	True	False
-3889.142,54.1965,-3960.467	-0.0407603,-0.2652495,-0.006806737,0.9632938	attack1_hook_l1	0,0,0	0,0,0	True	False
-3888.81,55.27985,-3956.408	-0.04312638,-0.3279387,-0.01348227,0.9436178	attack1_hook_l1	0,0,0	0,0,0	True	False
-3888.477,56.35521,-3952.35	-0.04477424,-0.3826628,-0.01904889,0.9226059	air2_right	0,0,0	0,0,0	True	False
-3888.145,57.42257,-3948.291	-0.04526936,-0.4302688,-0.02300958,0.9012713	air2_right	0,0,0	0,0,0	True	False
-3887.813,58.48192,-3944.232	-0.04016745,-0.4717782,-0.02041638,0.8805653	air2_right	0,0,0	0,0,0	True	False
-3887.563,58.35844,-3940.874	0,0.7438398,0,-0.668358	dash	0,0,0	0,0,0	False	True
-3888.094,58.32769,-3937.541	0,0.7438398,0,-0.668358	dash	0,0,0	0,0,0	False	False
-3888.628,58.31969,-3934.19	0,0.7438398,0,-0.668358	dash	0,0,0	0,0,0	False	False
-3889.163,58.30369,-3930.839	0,0.7438398,0,-0.668358	dash	0,0,0	0,0,0	False	False
-3889.697,58.27969,-3927.487	0,0.7438398,0,-0.668358	dash	0,0,0	0,0,0	False	False
-3890.231,58.24769,-3924.136	0,0.7438398,0,-0.668358	dash	0,0,0	0,0,0	False	False
-3890.765,58.20769,-3920.785	0,0.7438398,0,-0.668358	dash	0,0,0	0,0,0	False	False
-3891.299,58.15969,-3917.433	0,0.7438398,0,-0.668358	dash	0,0,0	0,0,0	False	False
-3891.833,58.10369,-3914.082	0,0.7438398,0,-0.668358	dash	0,0,0	0,0,0	False	False
-3892.368,58.03969,-3910.731	0,0.7438398,0,-0.668358	dash	0,0,0	0,0,0	False	False
-3892.902,57.96769,-3907.379	0,0.7438398,0,-0.668358	dash	0,0,0	0,0,0	False	False
-3893.436,57.88769,-3904.028	0,0.7438398,0,-0.668358	dash	0,0,0	0,0,0	False	False
-3893.97,57.79969,-3900.677	0,0.7438398,0,-0.668358	dash	0,0,0	0,0,0	False	False
-3894.504,57.70369,-3897.325	0,0.7438398,0,-0.668358	dash	0,0,0	0,0,0	False	False
-3895.039,57.59969,-3893.974	0,0.7438398,0,-0.668358	dash	0,0,0	0,0,0	False	False
-3895.573,57.48769,-3890.623	0,0.7438398,0,-0.668358	dash	0,0,0	0,0,0	False	False
-3896.107,57.36769,-3887.271	0,0.7438398,0,-0.668358	dash	0,0,0	0,0,0	False	False
-3896.641,57.23969,-3883.92	0,0.7438398,0,-0.668358	dash	0,0,0	0,0,0	False	False
-3897.175,57.10369,-3880.569	0,0.7438398,0,-0.668358	dash	0,0,0	0,0,0	False	False
-3897.709,56.95969,-3877.218	0,0.7438398,0,-0.668358	dash	0,0,0	0,0,0	False	False
-3898.244,56.80769,-3873.866	0,0.7438398,0,-0.668358	dash	0,0,0	0,0,0	False	False
-3898.778,56.64769,-3870.515	0,0.7438398,0,-0.668358	dash	0,0,0	0,0,0	False	False
-3899.312,56.47969,-3867.164	0,0.7438398,0,-0.668358	dash	0,0,0	0,0,0	False	False
-3899.846,56.30369,-3863.812	0,0.7438398,0,-0.668358	dash	0,0,0	0,0,0	False	False
-3900.38,56.11969,-3860.461	0,0.7438398,0,-0.668358	dash	0,0,0	0,0,0	False	False
-3900.915,55.92769,-3857.11	0,0.7438398,0,-0.668358	dash	0,0,0	0,0,0	False	False
-3901.449,55.72769,-3853.758	0,0.7438398,0,-0.668358	stand_levi	0,0,0	0,0,0	False	False
-3901.983,55.51969,-3850.407	0,0.7438398,0,-0.668358	stand_levi	0,0,0	0,0,0	False	False
-3902.517,55.30369,-3847.056	0,0.7438398,0,-0.668358	air2_right	0,0,0	0,0,0	False	False
-3903.051,55.07969,-3843.704	0,0.7438398,0,-0.668358	air2_right	0,0,0	0,0,0	False	False
-3903.585,54.84769,-3840.353	0,0.7438398,0,-0.668358	air2_right	0,0,0	0,0,0	False	False
-3904.12,54.60769,-3837.002	0,0.7438398,0,-0.668358	air2_right	0,0,0	0,0,0	True	False
-3904.654,54.35969,-3833.638	0,0.7438398,0,-0.668358	air2_right	0,0,0	0,0,0	True	False
-3905.187,54.10369,-3830.263	0,0.6779773,0,-0.7350829	air2_right	0,0,0	0,0,0	True	False
-3905.721,53.83969,-3826.876	0,0.6131214,0,-0.7899887	air2_right	0,0,0	0,0,0	True	False
-3906.254,53.56769,-3823.477	0,0.5509003,0,-0.8345711	air2_right	0,0,0	0,0,0	True	False
-3906.786,53.28769,-3820.066	0,0.4923791,0,-0.8703809	air2_right	0,0,0	0,0,0	True	False
-3907.319,52.99969,-3816.643	0,0.4381684,0,-0.8988929	air2	0,0,0	0,0,0	True	False
-3907.851,52.70369,-3813.207	0,0.3883112,0,-0.9215283	air2	0,0,0	0,0,0	True	False
-3908.382,52.39969,-3809.76	0,0.342603,0,-0.9394803	air2	0,0,0	0,0,0	True	False
-3908.921,52.08769,-3806.304	0,0.3004491,0,-0.9537979	air2	0,0,0	0,0,0	True	False
-3909.472,51.76769,-3802.846	0,0.3063348,0,-0.9519238	air2	0,0,0	0,0,0	True	False
-3910.035,51.43969,-3799.388	0,0.3539524,0,-0.9352635	air2	0,0,0	0,0,0	True	False
-3910.61,51.10369,-3795.927	0,0.394503,0,-0.9188946	air2	0,0,0	0,0,0	True	False
-3911.197,50.75969,-3792.463	0,0.4263244,0,-0.9045704	air2	0,0,0	0,0,0	True	False
-3911.794,50.40769,-3788.995	0,-0.9250571,0,0.3798282	air_hook_l_just	-3933.496,50.34418,-3810.967	0,0,0	True	False
-3912.415,50.07436,-3785.534	0,-0.9250571,0,0.3798282	air_hook_l_just	-3933.496,50.34418,-3810.967	0,0,0	True	False
-3913.036,49.73684,-3782.07	0,-0.9250571,0,0.3798282	air_hook_l_just	-3933.496,50.34418,-3810.967	0,0,0	True	False
-3913.657,49.39512,-3778.605	-0.04439061,-0.9186551,0.002498545,0.3925508	air_hook_l_just	-3933.496,50.34418,-3810.967	0,0,0	True	False
-3914.279,49.04922,-3775.138	-0.08366188,-0.9128555,0.003178487,0.3996067	air_hook_l_just	-3933.496,50.34418,-3810.967	0,0,0	True	False
-3914.901,48.69912,-3771.668	-0.1182661,-0.9078496,0.002444857,0.4022639	air_hook_l_just	-3933.496,50.34418,-3810.967	0,0,0	True	False
-3915.523,48.34482,-3768.197	-0.1486774,-0.9036867,0.0006356084,0.4015531	air_hook_l_just	-3933.496,50.34418,-3810.967	0,0,0	True	False
-3916.146,47.98632,-3764.724	-0.1753557,-0.9003355,-0.001973593,0.3982995	air_hook_l_just	-3933.496,50.34418,-3810.967	0,0,0	True	False
-3916.769,47.62362,-3761.249	-0.1987293,-0.8977231,-0.005161014,0.393158	air_hook_l_just	-3933.496,50.34418,-3810.967	0,0,0	True	False
-3917.392,47.25671,-3757.772	-0.2191879,-0.8957597,-0.008750387,0.3866454	air_hook_l_just	-3933.496,50.34418,-3810.967	0,0,0	True	False
-3918.016,46.8856,-3754.293	-0.2370811,-0.8943519,-0.01260258,0.3791681	air_hook_l_just	-3933.496,50.34418,-3810.967	0,0,0	True	False
-3918.64,46.51028,-3750.812	-0.2527199,-0.8934109,-0.01660887,0.3710442	air_hook_l_just	-3933.496,50.34418,-3810.967	0,0,0	True	False
-3919.265,46.13075,-3747.329	-0.2663795,-0.8928559,-0.02068481,0.3625222	air_hook_l_just	-3933.496,50.34418,-3810.967	0,0,0	True	False
-3922.742,45.7006,-3746.694	-0.2783028,-0.8926159,-0.02476555,0.3537951	air_hook_l_just	-3933.496,50.34418,-3810.967	0,0,0	True	False
-3926.253,45.28013,-3746.251	-0.2868679,-0.8955843,-0.03182334,0.3385601	air_hook_l_just	-3933.496,50.34418,-3810.967	0,0,0	True	False
-3929.787,44.87062,-3746	-0.2940777,-0.8989863,-0.03920067,0.3221883	air_hook_l_just	-3933.496,50.34418,-3810.967	0,0,0	True	False
-3933.333,44.47332,-3745.943	-0.3000676,-0.9026995,-0.04685023,0.3047918	air_hook_l_just	0,0,0	0,0,0	True	False
-3936.883,44.06803,-3745.875	-0.3049556,-0.9066103,-0.05472961,0.2864692	air_hook_l_just	0,0,0	0,0,0	True	False
-3940.436,43.65474,-3745.796	-0.2866061,-0.8708569,-0.05143647,0.3960043	air_hook_l_just	0,0,0	0,0,0	True	False
-3943.992,43.23345,-3745.705	0,0.1286863,0,0.9916854	air_hook_r_just	0,0,0	-3931.933,53.44,-3700.023	True	False
-3947.548,42.92155,-3745.585	0,0.1286863,0,0.9916854	air_hook_r_just	0,0,0	-3931.933,53.44,-3700.023	True	False
-3951.106,42.60547,-3745.466	0,0.1286863,0,0.9916854	air_hook_r_just	0,0,0	-3931.933,53.44,-3700.023	True	False
-3954.666,42.28522,-3745.346	-0.0205271,0.1158083,-0.0395064,0.9922733	air_hook_r_just	0,0,0	-3931.933,53.44,-3700.023	True	False
-3958.227,41.96079,-3745.227	-0.03988539,0.1076522,-0.07374457,0.9906472	air_hook_r_just	0,0,0	-3931.933,53.44,-3700.023	True	False
-3961.791,41.63218,-3745.107	-0.05808503,0.1035831,-0.1032438,0.9875411	air_hook_r_just	0,0,0	-3931.933,53.44,-3700.023	True	False
-3965.357,41.29938,-3744.988	-0.07515763,0.1029845,-0.1285328,0.9834759	air_hook_r_just	0,0,0	-3931.933,53.44,-3700.023	True	False
-3968.924,40.96239,-3744.868	-0.0911461,0.1052807,-0.1501137,0.9788127	air_hook_r_just	0,0,0	-3931.933,53.44,-3700.023	True	False
-3972.494,40.62122,-3744.748	-0.1060985,0.1099492,-0.1684483,0.9737964	air_hook_r_just	0,0,0	-3931.933,53.44,-3700.023	True	False
-3976.066,40.27586,-3744.628	-0.1200648,0.1165252,-0.183953,0.9685906	air_hook_r_just	0,0,0	-3931.933,53.44,-3700.023	True	False
-3979.639,39.92631,-3744.509	-0.133095,0.1246021,-0.1969984,0.9633025	air_hook_r_just	0,0,0	-3931.933,53.44,-3700.023	True	False
-3983.215,39.57256,-3744.389	-0.1452388,0.133829,-0.2079119,0.9580022	air_hook_r_just	0,0,0	-3931.933,53.44,-3700.023	True	False
-3986.793,39.21462,-3744.269	-0.1565446,0.1439061,-0.2169808,0.9527351	air_hook_r_just	0,0,0	-3931.933,53.44,-3700.023	True	False
-3990.372,38.85247,-3744.148	-0.1670599,0.1545802,-0.224457,0.947531	air_hook_r_just	0,0,0	-3931.933,53.44,-3700.023	True	False
-3993.954,38.48613,-3744.028	-0.176831,0.1656398,-0.2305602,0.9424098	air_hook_r_just	0,0,0	-3931.933,53.44,-3700.023	True	False
-3997.538,38.11558,-3743.908	-0.1859032,0.1769096,-0.2354823,0.9373853	air_hook_r_just	0,0,0	-3931.933,53.44,-3700.023	True	False
-4001.123,37.74083,-3743.788	-0.1943202,0.1882463,-0.2393906,0.9324673	air_hook_r_just	0,0,0	-3931.933,53.44,-3700.023	True	False
-4004.711,37.36187,-3743.667	-0.2021246,0.1995338,-0.2424306,0.9276634	air_hook_r_just	0,0,0	-3931.933,53.44,-3700.023	True	False
-4008.301,36.9787,-3743.547	-0.2093572,0.2106798,-0.2447292,0.9229795	air_hook_r_just	0,0,0	-3931.933,53.44,-3700.023	True	False
-4010.041,37.34564,-3740.401	-0.2160574,0.2216115,-0.2463965,0.9184206	air_hook_r_just	0,0,0	-3931.933,53.44,-3700.023	True	False
-4011.652,37.73506,-3737.189	-0.2230267,0.2385451,-0.2437638,0.9132002	air_hook_r_just	0,0,0	-3931.933,53.44,-3700.023	True	False
-4013.133,38.14635,-3733.915	-0.2297373,0.2555629,-0.2408224,0.9076965	air_hook_r_just	0,0,0	-3931.933,53.44,-3700.023	True	False
-4014.48,38.57889,-3730.585	-0.2362083,0.2726349,-0.2375978,0.9018998	air_hook_r_just	0,0,0	-3931.933,53.44,-3700.023	True	False
-4015.828,39.00767,-3727.253	-0.242456,0.2897334,-0.2341128,0.8958018	air_hook_r_just	0,0,0	-3931.933,53.44,-3700.023	True	False
-4017.177,39.43268,-3723.919	-0.2486919,0.3064386,-0.2309515,0.8893307	air_hook_r_just	0,0,0	-3931.933,53.44,-3700.023	True	False
-4018.526,39.85393,-3720.583	-0.2549256,0.32277,-0.2280598,0.8825085	air_hook_r_just	0,0,0	-3931.933,53.44,-3700.023	True	False
-4019.876,40.27141,-3717.246	-0.2611621,0.3387386,-0.2253894,0.8753572	air_hook_r_just	0,0,0	-3931.933,53.44,-3700.023	True	False
-4021.227,40.68512,-3713.907	-0.2672885,0.3544273,-0.2226993,0.8679535	air_hook_r_just	0,0,0	-3931.933,53.44,-3700.023	True	False
-4022.579,41.09506,-3710.566	-0.2731132,0.3699612,-0.2196527,0.8604015	air_hook_r_just	0,0,0	-3931.933,53.44,-3700.023	True	False
-4023.931,41.50123,-3707.223	-0.2786534,0.3853146,-0.2162939,0.8527027	air_hook_r_just	0,0,0	-3931.933,53.44,-3700.023	True	False
-4025.284,41.90362,-3703.878	-0.2839235,0.4004603,-0.2126643,0.8448627	air_hook_r_just	0,0,0	-3931.933,53.44,-3700.023	True	False
-4026.638,42.30223,-3700.531	-0.2889353,0.4153708,-0.2088023,0.8368901	air_hook_r_just	0,0,0	-3931.933,53.44,-3700.023	True	False
-4027.992,42.69706,-3697.183	-0.2936994,0.4300189,-0.2047439,0.8287969	air_hook_r_just	0,0,0	-3931.933,53.44,-3700.023	True	False
-4029.348,43.08811,-3693.832	-0.2982246,0.4443786,-0.2005226,0.8205976	air_hook_r_just	0,0,0	-3931.933,53.44,-3700.023	True	False
-4030.704,43.47538,-3690.48	-0.3025192,0.4584256,-0.1961695,0.8123088	air_hook_r	0,0,0	-3931.933,53.44,-3700.023	True	False
-4032.061,43.85885,-3687.126	-0.306591,0.4721379,-0.1917134,0.8039489	air_hook_r	0,0,0	-3931.933,53.44,-3700.023	True	False
-4033.418,44.23854,-3683.77	-0.3104473,0.4854959,-0.1871809,0.7955372	air_hook_r	0,0,0	-3931.933,53.44,-3700.023	True	False
-4032.794,44.87276,-3680.239	-0.3140952,0.4984831,-0.1825965,0.7870942	air_hook_r	0,0,0	-3931.933,53.44,-3700.023	True	False
-4032.044,45.51373,-3676.733	-0.3172113,0.5142288,-0.1758546,0.7771878	air_hook_r	0,0,0	-3931.933,53.44,-3700.023	True	False
-4000,11,-5410	0,0,0,1	air_rise	0,0,0	0,0,0	False	False
-4000,10.992,-5410	0,0,0,1	air_fall	0,0,0	0,0,0	False	False
-4000,10.976,-5410	0,0,0,1	air_fall	0,0,0	0,0,0	False	False
-4000,10.952,-5410	0,0,0,1	air_fall	0,0,0	0,0,0	False	False
-4000,10.92,-5410	0,0,0,1	air_fall	0,0,0	0,0,0	False	False
-4000,10.88,-5410	0,0,0,1	air_fall	0,0,0	0,0,0	False	False
-4000,10.832,-5410	0,0,0,1	air_fall	0,0,0	0,0,0	False	False
-4000,10.776,-5410	0,0,0,1	air_fall	0,0,0	0,0,0	False	False
-4000,10.712,-5410	0,0,0,1	air_fall	0,0,0	0,0,0	False	False
-4000,10.64,-5410	0,0,0,1	air_fall	0,0,0	0,0,0	False	False
-4000,10.56,-5410	0,0,0,1	air_fall	0,0,0	0,0,0	False	False
-4000,10.472,-5410	0,0,0,1	air_fall	0,0,0	0,0,0	False	False
-4000,10.376,-5410	0,0,0,1	air_fall	0,0,0	0,0,0	False	False
-4000,10.272,-5410	0,0,0,1	air_fall	0,0,0	0,0,0	False	False
-4000,10.16,-5410	0,0,0,1	run	0,0,0	0,0,0	False	False
-4000,10.04,-5410.19	0,-0.2425356,0,0.9701425	run	0,0,0	0,0,0	False	False
-4000,9.912,-5410.38	0,-0.4526936,0,0.8916662	run	0,0,0	0,0,0	False	False
-4000,9.9664,-5410.505	0,-0.618964,0,0.7854195	run	0,0,0	0,0,0	False	False
-4000,9.97728,-5410.684	0,-0.7418695,0,0.6705443	run	0,0,0	0,0,0	False	False
-4000,9.979456,-5410.868	0,-0.8284486,0,0.5600651	run	0,0,0	0,0,0	False	False
-4000,9.979891,-5411.053	0,-0.887462,0,0.4608811	run	0,0,0	0,0,0	False	False
-4000,9.979979,-5411.238	0,-0.9268108,0,0.3755287	run	0,0,0	0,0,0	False	False
-4000,9.979996,-5411.423	0,-0.9526708,0,0.304004	run	0,0,0	0,0,0	False	False
-4000,9.98,-5411.608	0,-0.9695064,0,0.2450661	run	0,0,0	0,0,0	False	False
-4000,9.98,-5411.793	0,-0.9804002,0,0.1970165	run	0,0,0	0,0,0	False	False
-4000,9.98,-5411.978	0,-0.9874216,0,0.1581098	run	0,0,0	0,0,0	False	False
-4000,9.98,-5412.163	0,-0.9919356,0,0.1267432	run	0,0,0	0,0,0	False	False
-4000,9.98,-5412.348	0,-0.9948329,0,0.1015257	run	0,0,0	0,0,0	False	False
-4000,9.98,-5412.533	0,-0.9966907,0,0.08128777	run	0,0,0	0,0,0	False	False
-4000,9.98,-5412.718	0,-0.9978811,0,0.06506469	run	0,0,0	0,0,0	False	False
-4000,9.98,-5412.903	0,-0.9986435,0,0.05206942	run	0,0,0	0,0,0	False	False
-4000,11,-5410	0,0,0,1	air_rise	0,0,0	0,0,0	False	False
-4000,10.992,-5410	0,0,0,1	air_fall	0,0,0	0,0,0	False	False
-4000,10.976,-5410	0,-0.1351132,0,0.9908302	air_fall	0,0,0	0,0,0	False	False
-4000,10.952,-5410	0,-0.2642501,0,0.9644542	air_fall	0,0,0	0,0,0	False	False
-4000,10.92,-5410	0,-0.3836017,0,0.9234987	air_fall	0,0,0	0,0,0	False	False
-4000,10.88,-5410	0,-0.4906177,0,0.871375	air_fall	0,0,0	0,0,0	False	False
-4000,10.832,-5410	0,-0.584054,0,0.8117149	air_fall	0,0,0	0,0,0	False	False
-4000,10.776,-5410	0,-0.663794,0,0.7479154	air_fall	0,0,0	0,0,0	False	False
-4000,10.712,-5410	0,-0.7305534,0,0.6828556	air_fall	0,0,0	0,0,0	False	False
-4000,10.64,-5410	0,-0.7855665,0,0.6187772	air_fall	0,0,0	0,0,0	False	False
-4000,10.56,-5410	0,-0.8303183,0,0.5572895	air_fall	0,0,0	0,0,0	False	False
-4000,10.472,-5410	0,-0.8663452,0,0.4994457	air_fall	0,0,0	0,0,0	False	False
-4000,10.376,-5410	0,-0.8951077,0,0.44585	air_fall	0,0,0	0,0,0	False	False
-4000,10.272,-5410	0,-0.9179192,0,0.3967674	air_fall	0,0,0	0,0,0	False	False
-4000,10.16,-5410	0,-0.9359166,0,0.3522216	run	0,0,0	0,0,0	False	False
-4000,10.04,-5410.19	0,-0.9586132,0,0.2847117	run	0,0,0	0,0,0	False	False
-4000,9.912,-5410.38	0,-0.9733575,0,0.2292928	run	0,0,0	0,0,0	False	False
-4000,9.9664,-5410.505	0,-0.9828848,0,0.1842212	run	0,0,0	0,0,0	False	False
-4000,9.97728,-5410.684	0,-0.9890199,0,0.1477822	run	0,0,0	0,0,0	False	False
-4000,9.979456,-5410.868	0,-0.9929619,0,0.118434	run	0,0,0	0,0,0	False	False
-4000,9.979891,-5411.053	0,-0.9954912,0,0.09485412	run	0,0,0	0,0,0	False	False
-4000,9.979979,-5411.238	0,-0.9971126,0,0.07593811	run	0,0,0	0,0,0	False	False
-4000,9.979996,-5411.423	0,-0.9981513,0,0.06077858	run	0,0,0	0,0,0	False	False
-4000,9.98,-5411.608	0,-0.9988165,0,0.04863726	run	0,0,0	0,0,0	False	False
-4000,9.98,-5411.793	0,-0.9992425,0,0.03891718	run	0,0,0	0,0,0	False	False
-4000,9.98,-5411.978	0,-0.9995151,0,0.03113753	run	0,0,0	0,0,0	False	False
-4000,9.98,-5412.163	0,-0.9996897,0,0.02491197	run	0,0,0	0,0,0	False	False
-4000,9.98,-5412.348	0,-0.9998014,0,0.01993057	run	0,0,0	0,0,0	False	False
-4000,9.98,-5412.533	0,-0.9998729,0,0.01594497	run	0,0,0	0,0,0	False	False
-4000,9.98,-5412.718	0,-0.9999186,0,0.01275625	run	0,0,0	0,0,0	False	False
-4000,9.98,-5412.903	0,-0.999948,0,0.01020514	run	0,0,0	0,0,0	False	False
-4000,9.98,-5413.088	0,-0.9999667,0,0.008164188	run	0,0,0	0,0,0	False	False
-4000,9.98,-5413.273	0,-0.9999787,0,0.006531394	run	0,0,0	0,0,0	False	False
-4000,9.98,-5413.458	0,-0.9999864,0,0.005225142	run	0,0,0	0,0,0	False	False
-4000,9.98,-5413.644	0,-0.9999913,0,0.004180131	run	0,0,0	0,0,0	False	False
-4000,9.98,-5413.829	0,-0.9999944,0,0.003344119	run	0,0,0	0,0,0	False	False
-4000,9.98,-5414.014	0,-0.9999964,0,0.002675306	run	0,0,0	0,0,0	False	False
-4000,9.98,-5414.199	0,-0.9999977,0,0.002140255	run	0,0,0	0,0,0	False	False
-4000,9.98,-5414.384	0,-0.9999986,0,0.001712213	run	0,0,0	0,0,0	False	False
-4000,9.98,-5414.569	0,-0.9999991,0,0.00136978	run	0,0,0	0,0,0	False	False
-4000,9.98,-5414.754	0,-0.9999994,0,0.001095833	run	0,0,0	0,0,0	False	False
-4000,9.98,-5414.939	0,-0.9999996,0,0.0008766749	run	0,0,0	0,0,0	False	False
-4000,9.98,-5415.124	0,-0.9999998,0,0.0007013487	run	0,0,0	0,0,0	False	False
-4000,9.98,-5415.309	0,-0.9999999,0,0.0005610878	run	0,0,0	0,0,0	False	False
-4000,9.98,-5415.494	0,-0.9999999,0,0.000448879	run	0,0,0	0,0,0	False	False
-4000,9.98,-5415.679	0,-0.9999999,0,0.000359112	run	0,0,0	0,0,0	False	False
-4000,9.98,-5415.864	0,-1,0,0.0002872984	run	0,0,0	0,0,0	False	False
-4000,9.98,-5416.049	0,-1,0,0.0002298474	run	0,0,0	0,0,0	False	False
-4000,9.98,-5416.234	0,-1,0,0.0001838867	run	0,0,0	0,0,0	False	False
-4000,9.98,-5416.419	0,-1,0,0.0001471181	run	0,0,0	0,0,0	False	False
-4000,9.98,-5416.604	0,-1,0,0.0001177032	run	0,0,0	0,0,0	False	False
-4000,9.98,-5416.79	0,-1,0,9.417132E-05	run	0,0,0	0,0,0	False	False
-4000,9.98,-5416.975	0,-1,0,7.53458E-05	run	0,0,0	0,0,0	False	False
-4000,9.98,-5417.16	0,-1,0,6.028538E-05	run	0,0,0	0,0,0	False	False
-4000,9.98,-5417.345	0,-1,0,4.823705E-05	run	0,0,0	0,0,0	False	False
-4000,9.98,-5417.53	0,-1,0,3.859838E-05	run	0,0,0	0,0,0	False	False
-4000,9.98,-5417.715	0,-1,0,3.088745E-05	run	0,0,0	0,0,0	False	False
-4000,9.98,-5417.9	0,-1,0,2.47187E-05	stand_levi	0,0,0	0,0,0	False	False
-4000,9.98,-5417.9	0,-1,0,1.97837E-05	stand_levi	0,0,0	0,0,0	False	False
-4000,9.98,-5417.9	0,-1,0,1.583571E-05	stand_levi	0,0,0	0,0,0	False	False
-4000,9.98,-5417.9	0,-1,0,1.267731E-05	stand_levi	0,0,0	0,0,0	False	False
-4000,9.98,-5417.9	0,-1,0,1.015059E-05	stand_levi	0,0,0	0,0,0	False	False
-4000,9.98,-5417.9	0,-1,0,8.129213E-06	stand_levi	0,0,0	0,0,0	False	False
-4000,9.98,-5417.9	0,-1,0,6.512113E-06	stand_levi	0,0,0	0,0,0	False	False
-4000,9.98,-5417.9	0,-1,0,5.218432E-06	stand_levi	0,0,0	0,0,0	False	False
-4000,9.98,-5417.9	0,-1,0,4.183488E-06	stand_levi	0,0,0	0,0,0	False	False
-4000,9.98,-5417.9	0,-1,0,3.355533E-06	stand_levi	0,0,0	0,0,0	False	False
-4000,9.98,-5417.9	0,-1,0,2.693169E-06	stand_levi	0,0,0	0,0,0	False	False
-4000,9.98,-5417.9	0,-1,0,2.163277E-06	stand_levi	0,0,0	0,0,0	False	False
-4000,9.98,-5417.9	0,-1,0,1.739364E-06	stand_levi	0,0,0	0,0,0	False	False
-4000,9.98,-5417.9	0,-1,0,1.400233E-06	stand_levi	0,0,0	0,0,0	False	False
-4000,9.98,-5417.9	0,-1,0,1.128929E-06	stand_levi	0,0,0	0,0,0	False	False
-4000,9.98,-5417.9	0,-1,0,9.118855E-07	stand_levi	0,0,0	0,0,0	False	False
-4000,9.98,-5417.9	0,-1,0,7.382507E-07	stand_levi	0,0,0	0,0,0	False	False
-4000,9.98,-5417.9	0,-1,0,5.993429E-07	run	0,0,0	0,0,0	False	False
-4000,9.98,-5417.715	0,-0.9701424,0,0.2425361	run	0,0,0	0,0,0	False	False
-4000,9.98,-5417.53	0,-0.8916659,0,0.4526941	run	0,0,0	0,0,0	False	False
