3.973667,-0.01994073,-531.8143	-2.473782E-14,0.9936133,3.882537E-14,0.1128392	run	0,0,0	0,0,0	False	False
3.863107,-0.01994151,-532.0332	-1.998169E-14,0.9990163,3.136074E-14,0.0443447	run	0,0,0	0,0,0	False	False
3.752548,-0.0199424,-532.2521	-1.608464E-14,0.9999402,2.524442E-14,-0.01094327	run	0,0,0	0,0,0	False	False
3.519616,-0.01993829,-532.3287	-1.326322E-14,0.9915265,2.081628E-14,-0.1299045	run	0,0,0	0,0,0	False	False
3.28668,-0.01993746,-532.4053	-1.082154E-14,0.9742206,1.698413E-14,-0.2255977	run	0,0,0	0,0,0	False	False
3.053744,-0.0199393,-532.4819	-8.768146E-15,0.9534444,1.376138E-14,-0.3015691	run	0,0,0	0,0,0	False	False
2.820812,-0.01993763,-532.5585	-7.072284E-15,0.9323783,1.109977E-14,-0.361484	run	0,0,0	0,0,0	False	False
2.587875,-0.01993972,-532.6351	-5.687731E-15,0.9127083,8.926745E-15,-0.4086117	run	0,0,0	0,0,0	False	False
2.354944,-0.01993674,-532.7117	-4.565603E-15,0.895197,7.165595E-15,-0.4456706	run	0,0,0	0,0,0	False	False
2.323875,-0.01994187,-532.638	-4.267742E-15,0.9738253,6.69811E-15,-0.2272977	run	0,0,0	0,0,0	False	False
2.48845,-0.01994562,-532.562	-3.808122E-15,0.9997554,5.976748E-15,-0.02211918	run	0,0,0	0,0,0	False	False
2.721384,-0.01994807,-532.4854	-3.281572E-15,0.9878442,5.150341E-15,0.1554472	run	0,0,0	0,0,0	False	False
2.954315,-0.01994818,-532.4088	-2.758612E-15,0.9536522,4.329569E-15,0.3009112	run	0,0,0	0,0,0	False	False
3.187248,-0.01994842,-532.3322	-2.279941E-15,0.9093338,3.578307E-15,0.4160673	run	0,0,0	0,0,0	False	False
3.420181,-0.01994866,-532.2556	-1.863041E-15,0.8628465,2.923994E-15,0.5054662	run	0,0,0	0,0,0	False	False
3.63904,-0.01994866,-532.3661	-1.490489E-15,0.8606558,2.339282E-15,0.5091873	run	0,0,0	0,0,0	False	False
3.657495,-0.01994544,-532.5845	-1.249863E-15,0.9256429,1.961627E-15,0.3783982	run	0,0,0	0,0,0	False	False
3.546937,-0.0199433,-532.8033	-1.031265E-15,0.96441,1.618544E-15,0.2644115	run	0,0,0	0,0,0	False	False
3.436378,-0.01994091,-533.0222	-8.417619E-16,0.9856963,1.321123E-15,0.1685312	run	0,0,0	0,0,0	False	False
3.325818,-0.01994151,-533.2411	-6.822205E-16,0.995975,1.070727E-15,0.08963107	run	0,0,0	0,0,0	False	False
3.412276,-0.01994562,-533.35	-5.551585E-16,0.9837517,8.713065E-16,0.1795344	run	0,0,0	0,0,0	False	False
3.631133,-0.01994574,-533.4606	-4.490418E-16,0.9679425,7.047592E-16,0.2511721	run	0,0,0	0,0,0	False	False
3.864066,-0.01994568,-533.384	-3.731637E-16,0.9262056,5.856705E-16,0.377019	run	0,0,0	0,0,0	False	False
4.097,-0.0199464,-533.3074	-3.060412E-16,0.8798315,4.803234E-16,0.4752858	run	0,0,0	0,0,0	False	False
4.329932,-0.0199464,-533.2308	-2.488093E-16,0.8344774,3.904995E-16,0.5510421	run	0,0,0	0,0,0	False	False
4.562866,-0.01994711,-533.1542	-2.011279E-16,0.7930614,3.156648E-16,0.6091418	run	0,0,0	0,0,0	False	False
4.593934,-0.01994407,-533.2278	-1.832141E-16,0.9068985,2.875497E-16,0.4213493	run	0,0,0	0,0,0	False	False
4.429362,-0.01994139,-533.3039	-1.60303E-16,0.9706749,2.515913E-16,0.2403958	run	0,0,0	0,0,0	False	False
4.196427,-0.01994002,-533.3805	-1.362047E-16,0.996819,2.137696E-16,0.07969959	run	0,0,0	0,0,0	False	False
3.963492,-0.01993865,-533.4571	-1.133913E-16,0.9984481,1.779645E-16,-0.055691	run	0,0,0	0,0,0	False	False
3.730558,-0.01993698,-533.5337	-9.310591E-17,0.9861093,1.461272E-16,-0.1660978	run	0,0,0	0,0,0	False	False
3.699488,-0.01994234,-533.46	-8.215545E-17,0.9994838,1.289408E-16,0.03212872	run	0,0,0	0,0,0	False	False
3.864059,-0.01994467,-533.384	-7.022728E-17,0.9796793,1.102198E-16,0.2005705	run	0,0,0	0,0,0	False	False
4.096994,-0.01994771,-533.3074	-5.870715E-17,0.9415197,9.213928E-17,0.336958	run	0,0,0	0,0,0	False	False
4.329927,-0.01994771,-533.2308	-4.83384E-17,0.895934,7.58658E-17,0.4441872	run	0,0,0	0,0,0	False	False
4.548785,-0.01994747,-533.3413	-3.869649E-17,0.8876848,6.073309E-17,0.4604518	run	0,0,0	0,0,0	False	False
4.567241,-0.01994425,-533.5597	-3.223698E-17,0.9421036,5.059507E-17,0.3353221	run	0,0,0	0,0,0	False	False
4.456682,-0.01994181,-533.7786	-2.648191E-17,0.9736931,4.156264E-17,0.2278633	run	0,0,0	0,0,0	False	False
4.346123,-0.01993954,-533.9974	-2.155291E-17,0.9903909,3.38267E-17,0.1382965	run	0,0,0	0,0,0	False	False
4.235563,-0.01994026,-534.2163	-1.743482E-17,0.997885,2.736348E-17,0.06500341	run	0,0,0	0,0,0	False	False
4.125004,-0.01994109,-534.4352	-1.40479E-17,0.9999838,2.204779E-17,0.005691786	run	0,0,0	0,0,0	False	False
4.20975,-0.0199452,-534.4531	-1.205488E-17,0.9839104,1.891981E-17,0.1786626	run	0,0,0	0,0,0	False	False
4.442685,-0.01994902,-534.3765	-1.010437E-17,0.9475873,1.585854E-17,0.3194971	run	0,0,0	0,0,0	False	False
4.675618,-0.01994878,-534.2999	-8.334726E-18,0.9025508,1.308113E-17,0.4305835	run	0,0,0	0,0,0	False	False
4.908551,-0.01994932,-534.2233	-6.801845E-18,0.8561923,1.067531E-17,0.5166573	run	0,0,0	0,0,0	False	False
5.141482,-0.01994604,-534.1467	-5.511982E-18,0.8126245,8.650906E-18,0.5827876	run	0,0,0	0,0,0	False	False
5.17255,-0.01994306,-534.2203	-4.988761E-18,0.9187726,7.829726E-18,0.3947872	run	0,0,0	0,0,0	False	False
5.007977,-0.0199402,-534.2964	-4.344017E-18,0.9763678,6.817817E-18,0.2161159	run	0,0,0	0,0,0	False	False
4.775042,-0.01993954,-534.373	-3.678487E-18,0.9982657,5.773286E-18,0.05886971	run	0,0,0	0,0,0	False	False
4.542108,-0.01993823,-534.4496	-3.055286E-18,0.9973419,4.795188E-18,-0.07286321	run	0,0,0	0,0,0	False	False
4.309173,-0.01993734,-534.5262	-2.504834E-18,0.9836813,3.931269E-18,-0.1799199	run	0,0,0	0,0,0	False	False
4.076237,-0.01993942,-534.6028	-2.03594E-18,0.9641404,3.195352E-18,-0.2653928	run	0,0,0	0,0,0	False	False
4.045166,-0.01994175,-534.5291	-1.830035E-18,0.9984012,2.87219E-18,-0.05652417	run	0,0,0	0,0,0	False	False
4.210103,-0.01994401,-534.6392	-1.507912E-18,0.9981156,2.366628E-18,0.06136188	run	0,0,0	0,0,0	False	False
4.428963,-0.01994663,-534.7497	-1.229714E-18,0.9876196,1.930004E-18,0.1568679	run	0,0,0	0,0,0	False	False
4.647822,-0.01994687,-534.8602	-9.960576E-19,0.972437,1.563286E-18,0.2331658	run	0,0,0	0,0,0	False	False
4.86668,-0.01994705,-534.9708	-8.032423E-19,0.9559079,1.260667E-18,0.2936665	run	0,0,0	0,0,0	False	False
5.085538,-0.01994705,-535.0813	-6.45904E-19,0.9398896,1.013729E-18,0.3414786	run	0,0,0	0,0,0	False	False
5.162117,-0.01994467,-535.3142	-5.182124E-19,0.9521308,8.133205E-19,0.305691	run	0,0,0	0,0,0	False	False
5.238698,-0.01994544,-535.5471	-4.153353E-19,0.9609586,6.518577E-19,0.2766924	run	0,0,0	0,0,0	False	False
5.315278,-0.01994622,-535.78	-3.326611E-19,0.9673923,5.221027E-19,0.2532826	run	0,0,0	0,0,0	False	False
5.534137,-0.0199464,-535.8906	-2.679931E-19,0.950875,4.206081E-19,0.309575	run	0,0,0	0,0,0	False	False
5.552594,-0.01994312,-536.1089	-2.196134E-19,0.978508,3.446774E-19,0.2062089	run	0,0,0	0,0,0	False	False
5.442036,-0.01994109,-536.3278	-1.784509E-19,0.9927159,2.800739E-19,0.1204792	run	0,0,0	0,0,0	False	False
5.331476,-0.01994187,-536.5467	-1.442039E-19,0.9987222,2.263241E-19,0.05053761	run	0,0,0	0,0,0	False	False
5.220917,-0.01993966,-536.7656	-1.16112E-19,0.9999822,1.822347E-19,-0.005959827	stand	0,0,0	0,0,0	False	False
5.220917,-0.01994216,-536.7796	-9.327638E-20,0.9986817,1.463948E-19,-0.05133219	stand	0,0,0	0,0,0	False	False
